6322
835
6719
6224
6766
6572
9095
8564
124
5665
2580
3878
1785
7566
6974
8932
2385
4070
7898
2545
7249
1774
1248
1404
5403
5095
9376
843
1656
4714
6872
5441
3882
9344
232
9442
9204
6388
9115
4277
3659
8491
7057
1667
3668
558
5066
8638
1142
9525
7469
332
7267
193
3395
6757
4335
5971
1021
4083
2630
3105
9710
2556
9815
2569
7114
1841
3027
817
4729
959
3175
6504
807
6821
8958
5452
5072
4235
5173
5338
5285
4357
320
3432
6031
3780
7060
2094
2952
3018
9258
7999
5939
7122
9993
5307
9946
1121
5944
7359
2133
2267
7138
1676
6373
9842
3028
5055
4796
6485
376
9042
5970
4036
1157
2157
1822
4100
7826
3833
4362
7726
8705
2537
4893
8475
2353
5337
1266
7738
4205
3945
9659
2135
904
9414
1396
917
7010
2296
3679
3153
4118
4402
2840
4839
9051
8224
758
9205
3871
556
9207
9795
4455
9588
9245
9547
1737
9408
8088
1947
2169
7706
6153
922
5266
4556
3786
7369
4928
1200
6664
5609
1168
4615
2067
4691
622
5374
1651
1237
3361
7285
1744
8623
3310
1463
3253
3065
5146
2496
7175
6687
8340
4442
8116
3149
9076
8864
8121
5461
6182
8170
470
1775
8084
2986
1954
1122
3713
3325
8310
4745
3436
2091
67
5712
6639
3850
1591
1751
7054
4163
7394
7462
3504
9056
8043
453
3734
8927
6921
1639
8085
2949
6772
5965
9091
418
5166
47
6258
5434
6862
8009
5740
1431
7278
5273
3365
2186
5987
2695
5036
667
8145
9184
5485
8136
6411
5725
5120
9022
1837
8703
9954
6942
33
162
9627
8991
6138
4683
7039
9200
3603
6156
4495
4229
1138
2081
3780
4466
1434
1483
2525
9377
7140
3832
1101
8279
436
9656
4436
9712
5372
4553
7570
1524
4402
6206
3467
4610
6814
2703
7174
3545
4929
5777
2975
5618
4408
8823
5875
9030
5061
8709
7639
7831
1719
5643
7568
7469
9219
4318
7
9623
6905
9862
1657
3985
4841
1373
38
1426
5138
8497
9220
3089
3649
1772
6329
7534
8566
4356
9089
3353
9063
6951
4569
7277
6919
8415
7964
1353
291
4156
4639
6018
3635
6332
3956
5780
5094
2567
7388
6509
5021
8488
1849
7199
6961
6394
6670
3112
7267
7362
7836
5943
1631
9142
6855
8309
9320
4757
9224
3788
4973
2002
4393
6412
1419
1197
9410
6471
5714
3091
3596
7811
4184
1180
2344
8553
4254
5037
676
847
5835
4995
9188
6992
3862
8057
8691
3840
8467
6933
9045
1112
9242
8924
5409
1790
3618
3661
6326
1329
1505
5682
7021
3158
2879
7240
1133
7052
4396
8460
8103
6732
4743
4675
7326
4315
5829
2793
4123
5650
5745
771
7596
1662
472
2453
1061
5096
4644
6001
5941
749
4756
2571
4113
7929
1748
9275
6457
2998
5645
7170
8423
4065
5659
8558
52
3932
7251
1620
4718
9468
3278
7592
236
9042
2315
260
3346
928
56
1726
9728
9092
8444
2049
3462
3440
9781
9262
2098
9788
2501
2414
1442
5983
5826
8008
7251
1274
3467
2691
5792
8974
3336
4887
5055
7184
3191
5027
8428
4677
7559
1767
7406
1275
8708
6002
2493
6745
7154
205
8629
1755
6438
2279
6074
5461
3108
2560
6047
6903
1346
3958
5746
3733
1108
2718
3871
8630
8312
7031
9571
1100
5736
5538
2567
5181
4228
4048
8384
8034
7758
6741
1785
3084
8473
528
9796
2324
3429
6169
5987
8621
5867
5379
9020
4945
9320
7818
8231
6460
7314
9345
264
7566
7950
8078
1475
9266
4969
2769
6356
6038
3743
2679
146
9775
2884
6476
9985
9649
501
3789
4373
3769
3705
2402
9791
6714
4460
7297
5562
201
9099
3512
787
6183
8049
9688
1501
7889
5280
2811
2975
629
5488
3027
5410
510
1293
5266
5819
9247
9398
2760
6592
8365
9289
7032
7437
4839
4780
5193
6113
1876
9148
7677
1817
2712
9175
8682
4057
6047
6975
3088
2948
6303
6151
5763
6514
9788
6892
5711
6299
256
6140
8291
3103
9524
1908
4228
484
941
585
2136
6566
7803
6821
3878
8886
1668
2222
6780
5949
5819
3037
5598
7956
5174
9203
3661
4651
2140
4584
7140
9711
6620
1188
6362
2266
3539
590
9501
994
5739
7117
6665
5467
2000
434
6423
8077
3187
4961
7574
9177
3381
5427
6620
1448
5281
948
7832
6272
4838
4766
1525
6063
7816
9058
5718
734
3694
9101
6036
1286
7682
220
7027
4776
5774
3747
9531
6250
2750
6026
6453
9594
6237
3331
4013
1626
6666
5504
2900
6527
5152
5935
7930
140
7840
205
7357
5962
1869
5695
3885
223
8394
4819
759
7526
5821
1900
7284
5727
5581
1585
458
6883
7504
812
4931
9876
9151
4259
2025
8643
2162
833
4448
9146
4073
6765
8762
3189
5915
3268
2251
9251
5061
2456
3363
7187
1992
9921
9190
1829
1898
5051
15
1917
8563
3011
3824
4175
2173
5253
7806
5020
3997
8937
4021
4394
7012
6931
5279
8984
6085
5102
4789
2422
3479
9332
6275
8537
9392
3779
8053
6713
1412
1181
4243
821
6594
4296
4761
7636
485
4132
6378
171
8320
8101
4453
5072
184
6575
6086
1893
4473
7911
1329
1259
856
1595
7517
5707
9258
6715
8840
3776
8881
7106
8806
7762
5397
2643
2989
5548
5371
3006
9092
9623
1163
2066
5209
4808
7604
8310
3532
13
997
4596
7146
1870
365
9684
8661
9897
4119
5538
5598
2159
5551
8948
4627
5198
908
5176
3934
4643
4962
9690
6123
7966
543
9172
9776
2150
5437
8898
6335
1980
7242
2345
7495
6911
1187
7259
8641
6722
7820
7903
7662
2859
8352
7930
3708
2793
2125
2999
691
1802
4422
4852
5342
661
1362
5597
4889
3594
3403
9552
6716
4651
980
7024
1242
5567
5226
7114
4722
3928
4670
4095
47
3835
9671
9020
4341
5125
7953
523
2330
1198
4934
6348
3680
6235
4988
5328
6356
1431
4091
5583
9557
7167
3894
5680
3897
9703
7219
6871
6680
6478
549
6272
9194
2375
7412
9323
6712
1377
3732
8373
1061
8904
4704
718
3561
6561
3141
1695
949
9117
5201
4770
8233
1479
9367
7113
1228
5606
2484
3015
6917
4957
8971
6965
1804
193
6193
7574
932
589
1555
2106
7929
3116
7189
7609
4759
2232
6338
7145
6291
6422
4032
2020
2386
9155
7308
6800
5019
5057
2440
7751
3574
6219
7825
4345
6974
2557
1380
4306
5120
6895
3708
5400
7318
8581
8702
6234
9697
6135
3889
5829
9065
1030
3941
199
957
7803
4702
5802
3956
8421
6384
8146
8822
4937
3136
9413
8182
5752
7743
6657
8171
6075
2198
1160
9609
4845
2961
9026
1020
9976
6319
4649
8043
3104
2700
5218
1904
2788
2260
4478
1244
1519
9658
4470
2224
2717
2366
5719
9000
197
1602
6691
6533
350
1002
94
8600
5728
4224
9530
3238
6529
3581
3169
2297
3991
9138
3494
3601
458
7016
44
8381
5036
8622
5626
4381
358
2702
8652
6539
9030
2870
5845
191
521
214
1770
387
4828
553
5051
7852
4257
6272
5490
5798
8117
1190
9906
2527
3334
8495
9123
8692
8360
1313
9894
1567
1475
7078
6136
2413
4364
8599
5474
2962
4877
1192
2835
4616
1992
4606
2892
1302
3661
7652
491
5078
8457
5229
5779
9739
8594
2126
1040
7554
1018
2524
5412
5686
8708
5847
7329
7566
999
9947
618
7432
3128
3110
2843
7383
4119
1584
9415
2256
9965
3107
3943
7229
7210
1837
392
1003
2034
2977
7751
3123
3886
8569
2560
3658
354
5682
6348
5882
3446
1190
2374
3015
4778
339
9332
1324
1765
3988
4198
9761
5354
6350
4616
3975
1680
2084
6834
8038
2945
2534
9912
4716
1237
8202
2293
1389
8540
5648
8331
947
8155
9992
7844
4891
8482
1576
1968
3889
2284
2002
2743
4048
5384
4609
4408
6241
6613
8209
9881
4869
1975
7132
598
6546
8824
3961
674
7922
3051
4826
7244
5396
604
9670
5699
4571
9006
6522
6391
7091
7546
4521
9292
4855
9484
7146
3446
8370
9881
1934
4349
5599
9446
1916
9687
8044
7941
9806
4307
8630
3915
6898
657
8535
2296
3584
6361
6439
1290
7450
61
4032
6346
786
4060
8743
1534
6878
6858
9704
168
3231
3407
1910
4147
4871
1181
5920
8083
3412
4972
2402
4116
8285
6179
1707
4530
5964
3950
6492
2742
1795
3458
640
2160
9280
6475
22
5971
1628
5769
5393
206
2960
316
8167
1842
3670
6852
6019
1119
108
5865
6025
6900
540
9562
612
3095
1308
4995
345
353
6939
4611
4738
2168
9197
7388
7650
7854
6116
2192
2662
2916
7109
1607
8760
9963
3799
6703
6137
4479
1324
6680
3631
7303
79
4316
2671
3632
3949
7770
4365
8075
6275
8933
4131
2002
8833
4866
4012
8095
7419
653
3069
839
8436
6798
9961
1181
8869
9992
2056
7492
3696
7419
3632
1550
4070
3095
2764
9642
1386
5290
9925
3417
251
7137
5172
7874
9677
1780
2992
1238
6344
2707
1634
3653
6889
6604
8457
9894
6040
5525
1215
3119
7525
8104
1638
280
4912
8985
1181
3946
1608
400
3045
9834
1793
9914
2118
1634
5157
6559
5524
5142
7045
3454
3935
9659
5393
2616
4746
5445
8910
2014
69
5764
9923
2822
6947
1531
9644
816
7361
395
1935
3378
4910
2171
1560
6150
8497
8691
1887
898
1455
9576
8222
7433
9373
3554
9652
6695
7293
5013
2369
881
8837
2856
3909
6922
2868
8377
7837
5803
1732
7142
9375
8942
3880
2381
7071
7095
2190
4653
8130
113
7505
5843
4942
6857
2538
3333
6404
9214
4386
5686
2061
9117
5675
1326
5712
3536
2368
570
8120
5357
1670
4644
1555
4027
7987
558
5811
7899
2218
9584
4661
8178
2562
8988
4599
8309
8098
3993
6141
52
7945
8651
10000
1624
9434
29
1251
7518
8003
6134
3963
2672
2464
167
911
9221
74
6663
889
2536
7832
8714
9646
1052
2329
804
5750
216
4363
8410
7425
4122
9181
5088
6241
7140
8216
9077
5566
7430
9650
7778
8662
7472
1269
4316
2990
4254
7353
4131
5507
6559
2456
2578
2435
8114
8243
953
8027
9908
7107
8696
8477
7324
5554
7489
8847
7760
6658
8009
5293
2722
9928
1028
7596
1439
7812
8840
5305
5464
8490
6591
4001
6199
3292
6872
2688
9406
6725
7533
5065
8473
1882
670
6907
1111
7608
3342
4374
9079
205
7666
4140
9012
9527
3935
709
4845
4472
3740
35
8627
3450
2046
1794
1957
771
7172
6648
197
2151
7478
9799
1408
305
1919
8157
2248
3998
2224
853
7633
5153
4443
3818
936
6399
1794
1483
6627
8464
3325
6707
6697
9785
2404
9450
3382
8075
5841
796
9152
4653
6922
5835
4900
5064
2841
1557
1834
5112
8304
6781
7249
3731
5472
8854
5164
8385
6837
2200
1078
7315
7362
5766
1749
8487
6995
4311
5684
5722
9639
1622
4310
9714
9146
5519
4997
9982
8150
6403
847
9839
7106
9629
8411
2044
5378
1331
8611
8654
7959
2253
3503
3325
1577
5063
8781
4532
7382
4820
9727
5475
9411
8559
8333
8772
116
2872
290
9374
8639
8396
3239
4162
3755
8938
7364
2526
6508
5967
8103
2365
2696
5026
2329
722
8252
8232
7358
27
1737
9795
4330
7185
1129
8618
3066
8271
4578
9034
4724
3507
4054
7258
4837
2073
6800
4793
6520
3787
8780
4321
6735
217
5868
4297
339
3306
5794
9844
7719
7420
495
8895
5803
8862
5899
1816
9840
9510
8225
6538
6456
2528
9545
6592
3053
1242
4040
5685
3528
2757
1647
7863
8682
7029
2821
2082
4103
148
1632
4911
2062
2135
6272
704
6072
3429
2303
2367
5757
7412
757
4347
7752
1677
6267
8118
184
1985
6328
131
8725
3456
8440
5552
95
2230
4775
7866
3447
7341
4628
9324
4805
6602
8492
1275
4451
2725
575
7941
1810
4421
1131
4937
7428
5037
5001
6753
962
5817
755
3812
6824
9081
8772
2290
1770
4666
4810
6852
7271
5490
7273
173
401
760
2197
7779
7972
3249
6195
3918
7072
8897
8619
2738
9436
5623
7027
2816
1447
9354
1478
1041
298
1394
2853
9572
7097
491
2058
8594
2828
1134
2997
4560
1935
8295
8574
8075
3637
8918
2619
3850
2215
4123
9506
1530
8481
3306
3372
9493
8609
641
1237
5248
5085
3667
4747
1257
9523
8160
5505
3972
7282
3082
6622
1116
7257
325
3166
8170
7848
438
4569
6435
3963
6946
4244
9709
6393
3795
4879
6061
8227
7875
8830
4017
2261
5916
6791
3045
7108
1044
1238
8923
6713
1706
3225
7720
809
7047
6368
2537
3843
8324
8575
6401
3569
7207
7807
3667
5098
2385
5229
1213
5649
4329
103
3224
6161
9316
2142
5202
6872
3943
5983
2118
5282
5699
5594
5969
8511
3040
2164
5759
7501
7151
4880
3321
7042
2886
3821
9776
6904
4326
3210
6369
2445
3893
3234
6955
2706
8368
1241
7777
2546
4745
3178
4056
9584
6253
6971
9216
1478
6471
6553
5831
9598
5946
6020
7968
9525
8610
9155
4235
3998
2409
9380
8946
197
8511
4886
5121
41
9759
6740
2629
4856
3383
1094
6019
2996
4177
9176
6029
2481
6169
27
1953
347
5342
9302
3645
4475
675
1753
2735
4356
1273
5504
598
684
7139
3964
8834
4634
1644
1546
8560
5325
9736
2736
9630
1564
5505
4677
8729
5428
7729
6105
8037
1262
7726
8086
2798
175
6486
86
6807
1757
5337
3261
3290
3389
7269
45
2079
1074
4522
4205
1729
9543
1993
8160
3192
3913
2239
746
6629
24
4565
7311
8597
1933
632
8673
8860
392
4939
3109
90
5459
7013
2207
3
8678
8715
8327
4581
9450
1228
2028
7516
40
2636
4487
4184
8383
591
8582
6117
7267
5005
8343
3148
8713
9735
9435
8175
3765
1897
8399
7281
9447
7013
6624
3740
3966
1255
4994
3628
2315
7485
1504
7604
2566
446
1020
3613
2504
9743
7098
4846
2794
2069
6562
1208
1143
9601
5630
4233
2562
7827
2016
8867
7414
5724
8837
5829
3185
8232
7046
2853
2938
5792
3878
5177
4986
7650
3982
745
9446
7091
9045
6430
4213
2889
7786
7865
3417
828
4902
6623
7412
1511
1050
3268
672
1606
7308
5185
4417
6886
7485
905
697
7870
3160
5053
2495
1711
223
5741
6187
1174
4546
4741
7330
7778
8385
3048
910
8393
2223
8886
7311
2188
6166
6573
6085
5648
6417
7504
3195
8876
6635
1951
6910
7511
6203
9092
5125
3904
6266
5489
2985
6553
8648
4509
1917
9667
6091
9191
2050
6322
1927
4193
1926
7640
59
1859
710
568
4514
3090
1069
2780
5042
1494
9413
9261
4510
350
2037
5448
7182
5885
1145
200
9344
9822
5887
3220
2127
4353
9634
7513
8124
2982
9996
2698
8694
1847
5430
4006
7354
265
4596
2137
1400
777
8172
9641
6287
3190
4484
6774
800
2651
4625
6883
7352
3379
9219
9545
9810
5364
2690
7200
1391
2200
5061
8906
1920
7920
1180
2775
9123
4999
9908
3099
9490
7215
84
9421
6421
5593
7873
5417
9302
8266
7601
4310
9249
9289
4066
7922
8857
2697
5369
9971
6908
9164
1572
8268
8339
5994
8374
3440
6236
8347
9652
3096
5981
9025
6799
1572
4348
8142
9061
2857
1256
3951
6828
6998
6735
1831
89
5991
2789
8981
5587
2885
9898
4683
1120
6472
906
5079
4604
541
8258
9438
4490
4197
6874
5713
9793
5855
2305
4069
7884
8261
587
979
7393
2768
992
487
4046
6494
1325
4012
2076
4613
1063
8209
5754
4737
4930
9010
3788
5989
126
1215
6973
8732
2767
1955
3852
6172
7985
824
4198
4287
8035
7510
2405
4474
6032
7102
2815
1248
1999
5819
449
3566
7005
293
9328
7217
153
814
6552
4302
8371
396
3443
562
2855
3283
8032
1061
5563
3455
2183
8298
1816
8413
8771
545
5660
7288
6656
1533
3274
8961
9084
9707
5090
1006
3355
7527
9989
1151
7781
6485
2395
7896
7164
4199
6917
8411
9456
1175
9886
2682
2952
3646
8584
8869
1905
6079
9847
5925
6958
4579
9154
7433
1799
9564
2954
4501
4962
8203
2074
6019
5376
474
9510
5003
6057
2175
5365
7847
7516
3694
4218
1628
8624
8257
9822
6296
3348
6765
3848
9654
477
3607
1419
5766
3348
5377
7796
2745
3729
76
1382
4304
7837
8580
4574
741
8699
7820
9297
7227
9044
5411
8303
8633
9308
7652
2627
5616
4937
5119
6962
4855
7014
4469
7759
3775
3183
8197
9925
1499
208
3703
858
2832
7172
4578
1631
6571
9579
808
6887
5029
6850
1204
4096
1692
8168
7136
9276
8186
6501
5012
7268
9146
4164
5348
9952
1359
2677
149
1192
5058
3080
9031
1979
5752
1138
4071
9914
426
7519
555
3907
9906
1910
2658
9728
6750
2139
5570
2651
4435
5859
1151
4203
2014
1488
706
8412
9311
309
2781
1317
4979
9301
4392
5229
9802
8825
3043
3464
839
3764
3967
6629
9459
1103
3645
2374
7052
2286
5431
4000
2009
182
9674
9920
7285
6866
9528
4681
276
4260
4724
6006
7153
3728
5143
2832
1309
6014
3588
6857
3354
280
6810
9113
534
7140
3939
1940
6872
8760
1131
3502
6205
8049
1372
7027
5183
3762
4687
4772
2278
7124
3294
601
7694
3079
3768
5511
5464
5444
6256
7817
5016
6925
5690
8987
8650
9842
4330
8124
5453
9755
1583
7521
8738
3077
7546
7585
6350
2660
7735
1712
2827
2243
9618
1938
3204
121
4255
5082
5887
7425
6626
4160
4858
6571
1618
525
5758
1014
2913
6599
748
3711
4210
3646
3588
9455
8633
2627
1714
7552
220
5057
9766
9418
674
6058
3322
8109
1488
426
6276
2107
4976
4782
6801
2926
2523
4094
3047
9910
1779
1242
7953
9548
4431
5486
1149
573
2285
5924
4153
7987
9567
6293
8112
3517
5452
6349
7100
3337
7691
6573
8427
3924
3889
8083
613
616
6317
5618
7438
7009
5883
5637
844
4040
2366
6126
8068
6690
678
8519
7129
7312
3144
927
573
6395
1204
6255
2443
9037
2806
530
5521
8482
1125
6733
2308
7546
2987
8445
4080
8226
8650
8891
6385
5137
3958
690
54
1497
292
3098
7844
3394
1546
8723
2650
284
313
3756
3105
7663
7296
7932
7874
6316
3163
7274
734
1913
5192
6754
9307
4214
4792
4004
3156
1734
4406
2732
6378
9788
2871
2660
5335
5441
7799
7732
607
1790
9714
1036
4751
6676
9903
9923
9938
2625
5130
7397
7179
774
2488
9234
6014
9830
730
5025
3529
8829
4455
6331
9126
7861
6668
6187
551
4543
4863
9014
9616
9301
8869
3961
2393
9037
3180
5140
7228
6331
2531
6882
9889
7696
4771
4920
5647
492
3369
459
7001
8171
889
6047
5422
4350
499
8667
5810
8778
3317
5796
3179
4143
2628
4898
7600
4886
2199
9495
8951
4137
258
7740
200
5065
3239
4497
2943
5466
9052
8208
1131
4361
213
5766
8317
9216
4172
4573
9967
5083
4930
5907
10000
850
915
2790
3005
5144
9795
7955
898
3174
1776
8961
2458
8807
4197
6228
7023
6604
4859
7981
5153
3679
233
5049
8071
4667
3864
5256
5152
5160
5505
667
4069
6043
6551
1030
8853
7053
8597
8814
9828
7769
2790
8611
6608
909
7536
2325
498
5927
5815
955
3378
3336
5875
1634
8748
1935
8710
8034
5287
7881
5048
6214
7196
5263
1428
4078
7308
7230
3918
8393
1923
2018
3476
7793
7682
8089
734
9780
1495
4245
3071
5620
1065
4512
1470
9659
7040
6563
6773
7977
5156
4132
1505
2629
9185
586
1647
7905
4936
9246
4794
8792
3152
7372
5121
6052
5510
1582
4181
5756
9760
7861
2366
3349
1717
3439
3200
3428
8968
7739
6692
5339
7789
3869
1414
4932
9215
2761
7463
8210
8868
4363
9670
3802
9333
4877
9419
6921
677
5745
7554
7441
3173
6889
9432
8572
6853
2886
217
5085
3124
2109
3257
958
3255
8314
3274
6259
7716
4335
3321
3393
4622
2633
1742
5287
202
4879
7878
1990
672
4170
848
1042
5913
4827
5915
6857
488
319
6207
1146
3301
3371
6220
6181
6460
5055
5854
4372
4513
5943
4063
1052
6695
5617
3954
3472
9455
8482
5732
7128
8978
718
3171
1648
2819
6896
9074
6084
6518
7889
6040
4888
2386
8124
6305
8581
1533
1626
2230
6460
3424
4978
6631
6318
4392
9595
5097
1153
4524
4323
1140
3972
9751
271
7496
8578
27
9572
9843
1796
9152
792
4365
4148
804
4598
6581
4986
903
9207
1991
9001
5524
3995
7447
3172
2511
5258
1216
2973
2200
1045
4466
8048
3526
6666
2454
1210
6209
8055
492
9116
3792
7460
4342
9437
3211
1439
8427
8995
4577
7295
8831
6891
1373
7260
5762
8099
314
6544
9682
2582
5000
6068
5823
8881
9947
4713
330
9072
6143
5930
5190
6897
8912
964
9027
3990
2841
1796
5143
2606
8363
4499
5045
9787
8668
8904
585
3540
499
7413
2749
8175
3425
1889
6880
9389
3883
7486
7805
8655
2831
8232
431
6667
7225
5011
7752
6163
7591
7259
9270
5780
4312
2489
6203
3981
6853
6965
9224
7509
6368
4292
5859
6513
1489
2944
5376
6392
7649
8585
859
1038
6754
1272
2674
3927
8013
8680
6139
4284
7145
9657
9226
2462
6040
7738
3291
1118
1538
5891
7760
4365
6945
9402
3107
8729
695
4893
2969
812
4732
1039
6781
7314
7693
615
3267
111
6002
8609
1422
6763
4331
4751
2031
3914
6537
996
7295
6414
9152
7671
1175
5235
2289
6049
5012
3497
1300
1637
6484
4045
2477
6768
4625
4027
2528
7595
123
712
7947
5177
877
57
9102
5143
1437
4089
8703
6075
7037
2422
4083
4900
5725
9458
5830
828
4093
8663
2738
9493
5382
3890
9847
6510
1693
3507
4582
7660
3929
9979
4101
1718
2085
8422
8008
4254
9295
2864
5286
8114
3646
6383
444
3955
5767
5971
7395
4514
4803
6492
5076
7325
4952
5389
1193
8620
1546
7557
856
6868
1676
768
7414
3172
3640
9195
9156
9054
5425
9405
5247
325
1241
3087
8432
3876
9552
5631
7760
1510
9941
1496
9279
432
6502
4405
4891
9471
1477
2419
3722
696
1848
4657
664
6241
6089
2919
2752
8099
6140
9622
4306
7213
599
4781
4391
4118
4251
5344
2118
8838
1825
369
6983
5241
4859
4485
7816
4869
9204
6498
812
8094
7053
7630
4164
8164
5299
7285
9100
113
2029
2182
57
6147
6970
5338
3904
6851
4189
9418
4184
7852
3894
3685
9660
6812
64
9458
5615
9589
1761
6108
5455
2119
8862
6324
1109
8280
3516
8420
6026
179
9202
4900
8343
8250
4510
4684
4795
5554
4553
4227
7183
1693
4348
5271
9470
8938
570
7497
135
8553
2852
2711
2398
9289
2819
3719
4964
3928
6506
1817
5914
4756
9708
3623
8316
9985
4142
2790
6576
7640
2702
766
3820
8083
6214
3106
1744
5334
6606
3998
2235
9967
5911
2616
2286
9048
8873
5530
5998
5010
2721
6297
4577
8808
7299
1014
7626
5180
7519
3489
4978
1987
7687
132
4526
1941
4840
2332
4382
4738
4787
9318
5509
7714
5618
470
5145
6991
8623
8140
129
925
7529
1486
140
8172
6645
9170
1480
6776
3185
7567
999
6305
5259
9015
715
7876
3949
6273
8318
4011
8870
3450
265
5252
4388
2002
9450
7335
1772
3181
8094
1500
1461
4269
7591
6222
1531
9559
603
5265
6744
3015
6709
659
1140
3714
162
69
6694
2976
5279
2311
2001
7907
7305
4193
6105
6999
5185
5776
3683
4883
4049
6147
1852
9511
5926
105
3573
3200
6241
1080
3465
6368
6915
2877
3957
9033
3156
7936
7267
1589
7892
9900
9784
8946
7489
7277
5250
3013
4025
1
7220
7624
7283
6157
443
3540
5935
7187
1774
852
1618
6221
1071
8204
1543
7675
9875
7833
499
7869
252
9189
7154
4638
1411
2752
4162
7853
6808
614
5920
8070
1153
1088
7143
4503
2221
7156
7460
9916
6656
4919
1602
2205
9067
3648
6141
6037
918
9687
1397
6562
2712
2524
6340
8842
5211
8754
5089
9661
4211
2465
6314
6002
3502
6944
1499
4429
6386
3430
5947
7865
5071
541
5090
1087
5725
33
8106
6812
1744
4515
4997
1346
8540
3052
9836
5229
9438
3535
9789
1112
3128
5404
3020
3986
4011
3761
9190
5785
8717
7243
6763
5985
866
2637
9837
4274
6001
6351
1294
9203
7170
5402
2123
9113
2457
295
3943
5853
6143
4963
2249
7024
6256
7289
6945
673
7121
7347
4382
3622
6020
7201
101
6638
4866
3357
8997
3777
5497
5439
8126
6648
3783
6634
2711
1933
5034
6585
4676
7741
2557
9584
7829
9373
7068
1878
438
4704
6191
7388
6381
5941
570
4541
1389
4340
5201
620
3411
1796
9492
3210
9840
8468
1791
8100
8694
3456
5239
7878
1453
1380
431
5277
8501
9268
6482
9474
7767
8945
8312
5150
4262
1179
5304
8844
4189
4897
9831
655
1784
2661
1438
4052
2617
3268
9466
5081
5739
8585
7490
9472
9110
1346
9008
1879
4948
2910
993
5209
1564
3790
6580
6993
861
4033
6675
3796
7686
713
3635
9120
4757
9877
4170
1736
6109
1333
745
9584
777
9504
3609
3082
3351
2363
7607
2646
5821
3012
4545
3860
2760
4796
5867
3879
5052
8423
2392
9434
985
710
6621
4573
779
2421
7864
719
9334
5239
7316
5208
4116
9994
3774
4106
3190
9851
1699
3701
9915
1883
2243
946
8831
184
8744
8387
6987
9141
9842
474
787
3009
2031
3653
2280
5868
5408
1935
3997
150
9000
6222
6116
1708
7533
1539
5899
7396
2634
5153
3022
1595
2651
8484
9644
8101
43
9115
5345
2076
589
3545
2713
9002
987
5586
8929
9349
2125
6706
6641
7190
6745
2267
1816
9782
8493
4017
4269
7423
8759
6269
6369
3304
691
8542
8277
512
6295
4721
1228
3564
2296
7712
1603
1621
2035
8936
9208
1179
2779
4626
20
2438
141
8045
9837
2901
6854
8519
4710
6909
6708
2427
3235
1785
3408
5530
8219
2661
7282
4967
6018
3777
7290
3108
1999
6768
7044
2203
9635
4201
9374
9073
6610
4104
4849
3570
1973
86
7139
2749
2235
3603
2966
6611
1853
4587
42
3670
7376
4445
1660
4748
4113
3985
5381
1823
1893
2693
9586
5073
4145
9840
7388
6144
1075
4213
2830
4551
9770
2567
9177
1373
3380
6004
2864
5780
3031
9375
4414
5463
2004
7050
2781
5193
4015
1059
354
4629
638
5431
7399
7447
5839
3459
3875
7527
2532
6957
7310
6819
5949
5528
1114
8697
1082
9334
1788
5454
4226
8980
6243
8447
7661
6950
5057
4103
1112
1653
2362
7967
1891
5528
8294
1337
4871
1368
3059
8802
1888
2243
3699
6846
1883
7741
4213
5126
1290
3987
7821
2737
7823
5316
6703
4829
227
1100
5090
1072
339
5749
9324
5652
28
8054
6355
7060
4971
567
7082
8204
5558
854
4515
6555
2550
9304
3669
5359
2425
2549
4206
9739
1466
3288
2233
1078
3168
7869
6274
883
8609
4013
9155
6696
932
4421
7267
4587
5497
4764
4825
1454
5306
1651
1654
131
4776
5472
7109
4662
5407
1575
5462
3775
2154
4703
3749
3847
1326
1926
8050
6091
3328
6379
8998
4048
7068
3503
4293
9184
7441
6605
3972
4548
9933
4663
9365
5641
1296
5279
2135
9448
5130
2698
8602
6857
7963
4752
3886
3261
7793
8013
7926
558
5162
4561
3178
6996
4061
3077
3559
8311
79
3112
7370
4655
8492
3115
2460
3565
5974
2511
8026
8076
1985
7060
5072
1281
6735
6541
9378
9624
5975
8210
2123
5172
4980
3745
3679
7068
9352
7024
3746
765
535
9304
364
902
1769
4655
5627
5950
9736
5214
3149
2555
6912
4155
6071
9218
5099
5127
6428
6881
4409
1277
7177
1742
7685
8552
7882
5084
4591
2425
8790
8220
4008
4437
4090
1652
5841
3676
5799
5140
8861
5416
456
5574
2288
6232
8358
6864
595
2527
8488
9198
2726
4769
598
9477
4765
399
4012
4004
7969
8919
953
6732
943
9218
3075
6783
9758
3839
5243
584
6961
9858
9440
8261
4595
788
6998
702
4995
8047
7609
1516
1717
9773
9559
846
6100
3438
3048
4344
6086
7853
8415
8718
5743
2820
3226
692
4514
6635
4347
7361
5772
9358
2492
5367
9719
5142
7298
1
1337
6110
2831
2926
889
8773
4847
7174
7035
1162
7894
3074
9870
6391
8890
2711
522
6114
1197
1832
4695
4240
7763
4914
1718
2904
2246
4000
8643
7809
7126
2198
8701
5464
6055
3547
1380
7624
3748
3095
8210
1544
2471
4628
5326
8337
6331
3245
4679
4589
1421
9297
7743
121
3786
9901
1689
2165
228
1020
8657
1043
6051
4029
1132
3090
2901
4088
5146
478
8334
9911
8434
325
4783
8751
7880
4756
972
198
3951
4103
4069
4915
8102
423
8658
9668
6977
5352
6904
1122
9209
7985
7022
3196
7980
3998
358
2405
6988
1531
5026
7998
4768
1353
9009
8166
1945
4502
5668
2718
9922
5789
6957
642
5757
3037
3916
5285
6265
7590
8581
7035
1422
3038
5517
4797
4271
7180
4978
7313
7619
7240
2205
4367
3068
2500
8727
4214
9240
3408
4904
2178
1466
2874
2018
3738
5403
9873
4324
124
5557
959
1415
538
3633
892
2420
8133
5549
6097
5600
70
6477
7706
975
1479
7100
6261
6156
962
4237
6520
750
5423
1538
6301
6862
5960
5559
347
7659
1942
1406
4469
3199
497
7976
5546
9728
3502
6568
3770
4122
3145
4546
2339
8914
8847
2949
972
6132
2073
6766
1711
5188
9760
5138
8729
7798
2046
6545
3104
7205
1220
2358
6259
5995
243
7170
1841
8868
8809
6731
2484
553
5301
5448
8365
9677
3490
1719
2759
6981
8756
2505
1768
4463
1467
383
8500
1687
1952
4911
1269
4338
1165
5056
301
6026
3159
4550
4821
9552
6871
2565
6599
9139
7954
4966
7391
4482
4740
5052
598
2893
7677
3597
9288
5181
8835
9083
731
9579
3026
4861
2228
8034
746
2821
7327
7763
7686
656
6960
7146
6900
5625
8405
7124
4749
8604
5251
6334
1824
4906
1561
2179
2293
5234
9984
7767
362
6821
3746
9443
169
7305
2358
3182
2557
6508
4267
4760
3278
8633
3528
5200
5748
1361
517
9288
8963
3996
2464
4914
5005
2194
6133
1126
6152
186
3304
5008
5533
5920
6560
8890
9765
3279
4767
6277
5558
5707
1811
9344
9876
8781
3152
4337
4413
1958
1897
5441
2644
3196
4286
102
8743
4315
4808
7312
2226
8286
3005
9755
2393
9635
91
179
2858
1007
5815
3374
2115
6517
2027
4578
9793
1210
7886
5960
6471
9600
3599
6074
6312
3524
3076
4391
6112
9812
9915
9961
7521
5668
2984
1686
9668
7030
3716
9821
1646
169
4026
8108
2155
519
2134
8608
1152
5087
240
6354
4480
622
313
2089
6298
8192
629
8348
8470
2827
3276
4943
1406
7827
9789
10
2942
7307
2547
2838
6660
5029
8103
7229
3224
5528
6814
9630
3185
9760
7203
3831
8209
8595
5138
3971
7707
3142
9392
9384
2618
497
5332
6143
4402
2609
6995
7387
4334
8010
811
8378
7856
3869
9230
3280
3036
2368
218
1321
6893
3179
5688
7624
3834
1264
8613
5539
7378
2468
2100
819
5366
6004
9973
6629
5937
3984
8987
7288
7409
9922
3946
2515
5386
3998
6516
4115
9787
9334
7409
8402
1679
4497
2086
4599
5134
7165
6816
2926
4652
7190
7695
8238
176
2540
6220
7466
5270
2421
9174
8349
2264
3988
3190
8130
993
8702
8184
8039
855
5095
7714
8379
1081
4074
572
3402
8512
4805
9242
7524
6648
2780
1214
3194
3934
2601
2669
463
1887
9581
5991
4447
1458
8100
1887
8129
2177
1627
3400
2942
5321
67
6090
1516
3920
2720
7662
1678
931
7572
8078
9123
1239
2502
7986
2474
4155
744
289
6358
1249
8599
6468
4355
7603
6546
1957
2148
785
4706
5175
6349
5372
957
7275
3180
8881
5357
231
3843
2234
2392
4109
8941
6698
3346
752
1847
5636
1849
4878
1199
1954
9190
8115
7173
4697
7180
8421
5281
8082
5694
113
9861
6538
362
5714
4612
7303
8606
7435
1001
2935
2379
6957
1070
2824
3699
5292
1618
9797
4539
4639
4296
3407
4356
6126
8451
6745
3589
3439
6051
5750
3363
7120
6788
1974
9610
6159
776
8541
8050
7792
8345
8155
6567
330
2971
7957
1736
2683
5129
6115
1287
8137
3701
8189
6140
5207
4402
367
7523
4806
3929
5856
7701
1217
7326
3593
1183
704
7954
9346
8929
9838
2516
2142
2721
8847
3248
5120
3962
9294
6676
4852
783
6931
2689
9610
645
3158
2332
7779
6303
1247
2974
7416
8879
1999
1479
1018
9514
1003
2651
8245
256
7759
8269
9640
5221
2389
8459
1572
3458
9599
318
6282
2805
6819
121
4632
4740
4634
2659
4896
5664
8362
6541
1062
3502
4507
2510
4444
6938
844
648
8666
7747
3948
1162
9689
7067
6129
3438
8788
7574
2832
1496
8608
4232
9732
3461
4113
1892
6992
6019
435
1143
239
4702
9048
4861
5712
5111
6667
8288
1042
2683
9596
6871
9349
6521
2340
7405
8553
8239
3330
7451
474
8319
986
6992
2893
419
81
5966
6352
1789
5413
3128
5969
9250
8856
339
3527
6025
8196
2153
9008
6353
7817
3697
4513
9894
6693
777
2188
9626
4889
2800
8093
9581
2557
8527
6766
9075
9360
7129
3892
9401
3847
1187
5167
8630
8492
9651
4151
8123
2074
5955
2828
9327
2425
4856
953
6332
8174
8203
8298
405
4132
6947
2143
8619
8930
8259
5651
9416
1081
6224
4482
5049
8829
8390
2572
6554
3789
3772
4799
8052
974
8616
2611
1985
2945
7099
3773
4885
9968
9033
9810
9205
9309
3804
2459
649
4200
8212
9368
2437
6302
1302
5282
5277
6593
1177
641
5503
529
7430
5331
8722
3426
8458
3278
1586
5900
599
3900
4975
3127
1118
8665
2403
745
3345
8786
6305
7239
8193
6541
4988
5471
8334
5158
3810
7370
156
9417
5602
889
4438
4895
4457
9851
9490
2710
1577
2558
2992
3908
8763
1149
1896
6025
752
4311
6881
4462
2864
8403
7364
1125
6302
1477
947
1038
8904
5431
3614
5106
8039
6257
6206
7264
3495
7255
3862
3685
3748
8417
5256
2640
1942
8059
4954
239
3389
3810
5794
8814
8958
3236
9435
3040
4073
2712
3672
1702
2836
6071
6552
3617
7069
2224
9305
3511
532
3216
7261
2438
699
3845
605
665
7914
5698
6189
3726
673
5869
9387
1056
2558
7053
3382
5998
8495
3755
7312
2767
7111
5694
8279
5841
2019
226
7007
6579
6897
2253
8987
4568
4421
952
5822
1443
9429
8482
2522
6676
5567
7756
6816
3082
5305
9092
8724
6571
8983
3988
7347
1833
8717
776
8390
8266
7467
2091
7934
9212
2273
4936
5456
7026
271
1525
2857
783
2979
749
1628
8707
875
4823
7203
5190
5815
726
1999
2712
7973
2609
1255
1819
8950
4075
5174
1957
978
3181
9495
3400
8821
5979
2851
161
3641
6982
1004
8912
4677
6640
5343
9670
8386
6283
377
7599
7588
2314
737
7292
1855
6911
3917
4254
5256
1165
4956
4191
8857
6569
247
371
9270
7522
3976
3975
1953
8317
5088
3124
1440
772
6803
2041
8775
2168
4418
7801
4628
2883
251
9101
5979
4270
896
7921
4056
2001
3324
509
3448
8562
8016
9995
4023
4808
2271
9606
8696
5835
1421
734
4530
4768
4341
8566
6456
3624
4991
7221
2895
3880
8330
4937
2963
2043
3140
7084
6363
1423
593
8353
4423
8998
6577
4461
499
3844
6158
9379
665
3621
2511
8063
2610
489
8668
1751
9754
5610
9207
8742
9409
4501
6389
2108
1002
7472
5692
3593
3396
7826
8532
1324
4908
5870
9452
9482
7838
2040
9308
4907
5407
6645
4335
6986
2306
7823
2962
2985
6382
582
5024
1610
345
200
3311
1639
90
7384
7981
2222
7796
1426
3292
7486
110
1395
8136
3547
2741
4666
6166
2348
8628
7300
2957
1271
5340
3954
3247
6005
444
5890
1067
2807
3828
9397
1996
6965
4455
4231
120
439
8311
3243
5685
5604
9109
887
4309
6058
885
2832
4776
9829
4974
975
3481
7619
6746
9487
1674
9407
1784
9115
9367
2655
9647
1128
7477
8854
4701
3711
5961
9380
4961
6394
7089
9926
9292
4622
4501
7168
9988
8770
7021
7176
6582
9078
4177
6138
1302
3334
7088
761
2568
2600
5762
6209
8943
3473
1983
8424
7342
8686
7452
1775
6795
4924
724
722
9600
7883
2729
4997
785
6703
8889
2063
425
8129
7553
1794
9735
2005
1374
4375
3213
4145
5869
8469
1950
3656
6788
4712
135
9454
5821
7431
7197
754
516
9111
1231
6181
7111
5953
7911
4735
9046
3434
6555
2346
9167
4325
5815
9433
7025
1058
4206
3111
2690
3159
3979
2698
368
8059
6256
1065
4818
8141
7142
1772
3264
2268
2466
7263
3298
7980
8249
6994
4179
9115
2404
8009
1141
5264
7250
5863
5527
2524
6228
6247
126
2871
4861
9491
4008
8237
8390
1048
8431
1814
3908
639
9404
9954
5892
4402
7999
9978
2593
2153
7890
4525
8331
3337
7579
9507
4730
6130
8537
5510
4888
1828
2758
7564
5907
1427
5221
9563
6822
3671
6705
6201
1946
5352
6830
5339
2068
2228
9349
5610
1200
2087
5928
152
9212
6472
8668
3913
6496
5993
321
8575
9217
2929
2312
7038
2338
1560
6643
6109
488
755
225
789
1292
3985
6738
7369
1742
8206
361
9984
4549
1002
3185
4466
2016
3946
6601
1294
4460
6625
7421
4094
4891
884
5119
9768
5929
1769
6890
2047
8283
4712
4609
5121
6378
8641
895
3015
4459
9366
9325
234
7862
9159
2395
1571
703
9449
1117
1620
3949
4205
7177
3965
425
9950
2188
9555
6965
7665
1384
6275
9047
697
394
9238
4891
2402
4791
3007
1998
2768
8000
9286
6452
8297
6133
8968
3027
1975
2678
5599
7247
7314
5197
6921
4727
5014
4194
3434
5430
3668
5102
1291
242
8787
8235
8808
5497
5708
9564
4184
7388
5511
9432
8600
6997
3022
3287
5486
376
7433
3382
4587
2653
2474
6528
2911
8407
2304
250
696
2150
287
6783
2034
763
2951
3442
3103
4006
9410
2356
7137
1709
8159
1078
404
3005
3232
5433
3646
3271
7271
3538
1554
5243
8035
8085
3657
9233
6918
434
9156
5612
9419
5777
8860
7302
7562
1305
3471
2429
7978
5338
5351
5062
9292
9995
4532
7394
442
8104
6182
8772
8171
8225
6936
4617
9229
4008
2810
4862
3582
2751
7765
3837
9585
9127
7308
2147
53
8683
4410
9823
6693
7639
1046
2571
8355
7906
7441
9556
2116
9212
4600
4586
9550
4209
2383
6778
9483
986
8251
8669
4801
7096
1155
8298
1468
1194
8418
1772
93
4658
973
9073
3241
5558
7455
5268
5298
3150
3865
7812
9639
1287
6367
191
4650
9818
9995
9539
9027
5749
2496
442
7932
6615
9943
964
2433
5625
1255
3982
5951
4998
543
7537
9121
8224
3622
165
6346
2105
8917
6381
9470
7520
9288
8054
3567
5263
3097
4704
1831
6660
7705
5602
2339
6079
2063
5865
4720
3134
1858
7941
5379
2057
2979
8923
6181
5422
2921
5519
8641
2185
6957
410
8131
9861
4783
271
6242
2887
6412
458
1205
7420
4922
1946
2077
6743
7234
1068
7038
3973
7799
2141
7082
1231
926
6402
5763
6730
7235
884
6944
889
1338
4000
6154
9393
8499
2262
7242
3004
4893
7213
5430
2243
415
1014
1011
5373
4502
5648
7376
9940
9500
4468
2039
3689
9249
9063
3033
5358
2769
5374
8151
12
3139
5061
7773
3487
6998
2466
8338
1612
7349
4509
3776
5355
9352
5148
2732
8628
2209
8671
1600
4798
9177
3117
5613
2581
768
3900
8991
7750
5981
4505
8386
809
5276
226
3008
7896
5733
5864
1139
2948
4942
1709
8095
1928
9041
6073
6814
7836
6896
1534
6000
8847
1257
365
110
4685
557
2035
5958
4292
956
9436
8290
8683
8928
8642
9080
7955
8032
9876
3842
9271
7523
6283
9975
7489
672
4697
7345
1381
7093
3911
6662
9336
968
9037
892
7853
9240
3940
7176
6837
4026
9589
2069
301
4832
8677
3622
637
6758
4017
2095
2689
7216
907
6451
5067
7302
9017
5245
6997
4319
1996
835
3803
9467
4563
7972
6773
3536
2170
6832
3587
1503
8668
7441
4538
4392
1264
6058
9589
3294
8757
7778
1546
8566
5364
6778
3854
7976
5361
7454
860
6670
4922
7024
3738
9956
6700
1386
1881
8007
6512
9775
1328
4467
1633
8261
9954
3469
9420
1675
5131
6064
9050
5167
8923
9450
8199
8949
1212
7344
6674
5635
3100
6613
8169
4260
7790
7684
2156
9932
5550
2224
3424
6020
9087
7395
2743
5523
2473
6298
5638
3623
9927
3642
4179
3687
1902
1351
7257
5784
8210
979
6356
3485
636
1403
2106
2212
4679
9463
1664
4274
7974
7769
3494
33
7511
2129
606
6973
6913
9169
8977
7945
6872
2636
6306
8389
6743
3431
5468
574
7354
6303
9490
2715
1954
9660
9974
8342
7662
2614
1122
3063
2047
2322
6134
9798
3831
7627
1146
6784
4610
6894
4949
6542
472
8946
2960
4618
7349
2450
4241
649
839
8402
40
3229
7054
5756
5038
3590
2620
7329
7934
7649
9402
2562
1894
8528
1825
9687
2702
7412
1930
8754
9369
3158
9670
8683
3257
4289
592
3603
8732
519
51
7784
4301
8867
438
9668
7801
8323
7098
2998
4807
92
9761
8858
164
6525
3096
1038
8712
777
3153
348
1614
6232
3845
1076
949
1567
7797
2334
1778
7605
708
113
7799
4950
9214
7614
3600
7087
7230
5311
3133
2950
5280
4700
6350
5548
7997
4517
7051
3725
5977
2051
1029
8334
2157
2153
946
6171
949
882
4508
8384
8573
2095
4058
6609
1211
298
3265
1220
8621
6627
8531
8776
7406
8328
503
2494
1329
4561
176
1765
2729
4616
6663
1136
8173
7881
1549
5589
2677
3733
4306
3204
7433
4975
1162
2106
9255
5465
9585
5739
2195
7671
2069
6367
4493
4360
6780
8324
9551
4621
2904
5202
6629
2261
385
7596
2466
2545
2945
5193
1607
6604
3486
4566
1864
4805
9590
5210
6911
3353
7426
8625
9677
8711
8564
902
3439
2993
7341
934
5680
3672
9369
287
4249
7527
3659
2323
9711
2862
8004
6184
3751
9441
2844
6088
5542
2295
3999
797
3505
7386
444
3122
9825
9038
5509
5258
9767
4081
2599
2878
34
4215
5678
683
9200
2649
3814
3305
9193
40
6215
1862
8870
8054
6931
6530
1932
6697
6282
8383
8919
3550
405
9378
4143
909
7429
9200
6263
9414
4213
2262
6647
6204
2807
8657
1381
1123
9754
9356
452
9665
7587
8464
2352
8187
7476
5939
7732
8645
1455
3575
1699
4184
177
4799
1013
6434
3476
4744
4202
3885
44
6352
7172
3857
7402
6529
3436
2147
6534
2548
9623
6813
7692
8601
2860
5502
5102
9196
4575
4516
6775
4007
1994
8382
4441
4336
814
5872
8682
9754
2913
2306
6314
1197
9267
4439
5448
1940
8887
914
2474
5322
919
5829
538
4446
8823
6977
3197
3568
7765
8287
8246
1434
2411
4499
3723
9394
3807
480
7682
1252
9296
9144
1224
4818
3185
4659
6487
8423
2737
7779
9753
3762
7518
3727
468
7042
4956
6788
7574
9789
7322
5742
7258
1514
1920
8879
507
619
6308
9101
8402
3766
9604
3009
6365
9543
5712
4292
9262
8830
5149
4854
3556
5290
2337
6967
153
4106
8440
3582
8431
7800
5805
1426
8295
7455
8767
7955
5261
3708
4563
4686
265
6760
154
6901
624
2554
3147
4036
5709
2232
890
8207
1839
2940
2121
846
6843
2224
2025
4925
7986
8024
9656
1166
8319
6559
6932
9930
8496
8178
4456
6637
4647
8898
3363
930
6304
826
4948
4457
9956
540
3438
7133
845
7619
3739
6088
7953
9115
8548
8906
706
7325
1758
635
2186
6310
4342
8273
9222
757
3313
1671
7368
7448
2478
9311
592
5851
4116
9132
2710
4437
7557
1381
1343
8039
6413
3226
4773
6633
9886
1252
3292
4473
6366
8384
5795
8688
3901
8519
6046
7508
6932
9650
4790
232
9966
6644
8578
4926
8316
455
2476
6905
4473
9606
3383
3077
9379
8440
929
6434
8101
2034
3023
575
9210
479
8574
382
4860
6426
7101
9935
5255
2207
5595
5592
3704
7354
612
1480
3365
9855
4199
7720
1063
7290
6225
3536
1543
4592
8722
4735
5069
2922
6646
7396
8541
8145
3588
7800
4055
5857
5175
4341
8697
8771
8002
1068
868
1239
1000
9880
2369
5817
6491
4677
3793
8642
210
4144
2270
3267
4651
8716
39
5019
982
2337
8902
6205
194
7038
2529
7935
5982
2954
5481
8474
3515
7398
4936
1247
7132
1596
3516
9991
6551
3185
5055
6177
5899
3785
8116
8467
5563
196
1429
8655
2375
157
5563
9710
2159
1880
1640
6955
8039
5002
4757
3508
8046
7855
7155
2059
8420
1524
6088
1102
1683
39
1211
8915
5783
6512
3138
3395
8134
311
3383
3946
3894
7535
5485
5402
957
7262
3779
9522
4667
8806
8290
9532
8212
3983
9392
6450
7003
4047
5981
9371
2261
6212
2701
9650
4302
4910
6793
9191
9871
4841
3294
1402
105
7364
329
6021
7481
3412
920
4615
5405
1270
4581
8507
9186
8418
8766
4485
6153
2508
7168
3118
2785
581
388
5060
6500
5501
2399
9735
6093
7619
2303
7456
6941
7151
2159
5821
3869
8661
5658
6379
1159
3288
2064
3997
4008
9423
979
3656
5221
1728
6470
9899
2118
6093
1348
9784
6505
7563
2570
7487
1126
3182
2423
9361
4410
9228
4302
6571
1302
8217
2569
500
3156
6267
1037
1589
5902
3775
8588
3534
7408
9911
9776
3340
3750
73
2035
7826
6284
9361
8384
745
640
3900
2627
7570
1990
9725
6890
216
6598
3806
1896
8851
1420
9246
2571
8172
223
2905
5034
5603
8686
8707
6342
4084
6447
5013
2261
2
4077
6639
2274
9605
7415
5482
4508
3428
4849
857
3760
6748
1624
616
1383
5601
8906
9432
8424
8738
4645
473
3805
5020
9944
4837
8457
6883
8498
1245
1270
7862
4431
427
3155
1091
4515
6276
9733
3644
8899
4312
2171
1617
5429
4554
9504
9015
5240
253
9304
1855
5317
192
3303
4929
1859
1098
2815
7755
435
6653
8464
5238
4533
3346
2495
6785
546
6890
2509
2041
4740
4481
2474
2495
2086
9824
4594
539
5137
8785
8537
4020
6419
3412
3088
1044
2363
9033
7932
9335
3947
8731
1154
570
4037
7096
5936
2427
4836
2938
3736
9479
5556
3187
7499
4786
7414
9838
1664
7317
5740
2523
3525
9358
5081
8115
2123
925
673
4836
2004
8022
9532
5513
1644
1562
8879
4639
4357
2246
8504
1896
4993
2849
6693
5865
9637
4566
7645
303
1863
3190
6282
2369
1599
2265
1755
7463
9176
6277
7155
5261
9754
1285
3857
1627
3257
5014
7569
7294
9795
7949
7320
9459
5753
7610
4345
2963
3542
5256
2042
6876
44
811
1099
7445
9097
8864
5918
202
5558
8031
9233
5721
1402
2149
9465
47
7113
6093
2604
2488
7223
6660
1926
987
175
2689
3547
893
3595
1157
9854
4524
9523
3772
2105
3001
5797
2035
8586
2661
1575
192
3162
7947
1352
7007
5962
9684
1293
7660
8128
8585
5153
2560
3135
4447
3050
4177
8661
377
8998
1568
1469
5982
2016
9676
4172
6807
3613
4518
297
9470
3720
2176
821
6004
7788
1190
5772
2103
1127
91
1611
7269
4463
6809
8935
9806
6423
1991
2117
9141
398
1430
4199
9211
3024
9422
5166
7750
9895
5201
3282
337
4872
8307
3748
826
6491
3984
8994
4406
3778
7991
7846
3496
1981
2521
4227
4499
567
8727
2134
9852
4180
1005
7253
4524
4058
8070
1675
8522
9008
1330
3377
7481
4110
8032
5790
7458
2802
4444
5636
2695
1524
7439
4039
3357
9623
7029
1735
3788
7074
8741
7723
3861
5346
2304
7347
7100
543
7549
2212
3471
796
9697
5332
580
6568
9046
7764
452
5061
7938
199
1778
5612
9797
2172
4809
115
1335
1775
1965
7275
4974
746
4879
7600
501
8993
9602
7552
4033
6196
6941
8358
2978
5993
4732
7366
1005
8915
1262
9955
7789
8603
6080
8809
1035
7377
7392
8155
830
9249
2402
308
5076
4924
8573
3218
7557
9136
8721
9157
6043
8810
5901
6568
774
9377
7686
5750
3740
6718
8188
2971
373
1452
5404
5229
8650
9096
8858
9739
6676
4477
6389
736
6800
4467
55
263
7144
1383
760
2473
2505
1337
8225
7606
7048
473
3936
2805
3728
252
6609
5708
757
7591
3743
2288
566
6344
8995
9349
9858
7316
4131
2590
5295
4571
6418
5014
8216
8508
8147
9350
9555
1463
3956
7774
6798
8992
3735
9212
7624
5381
8902
5066
9025
4188
4413
568
7927
2766
6496
5851
7399
1101
7167
3565
9266
6711
835
5089
420
35
6487
901
6432
3678
5689
5017
3148
8957
2016
6115
995
4572
9181
4038
9648
7227
7043
6059
8751
8767
6235
4534
1740
5612
5122
2980
5356
562
7022
809
4555
4701
2096
1518
154
9646
5525
8168
728
3180
1452
5414
8091
3688
4124
2573
67
1890
2496
6022
6307
5362
4858
3851
1280
6001
2810
2758
5489
9440
4026
4426
5166
8702
7640
8071
5353
1699
8718
2646
6079
70
3267
3569
224
5385
2725
4709
5722
2907
2297
5754
938
4181
6123
8205
7311
993
4265
4460
6504
4265
966
9751
5338
9754
9488
1677
9536
715
3507
4327
7595
7499
5471
7509
9429
9817
9280
8741
2058
1303
8554
9354
5942
4338
6354
6161
5887
5279
266
706
2688
7776
464
3656
880
971
7454
9550
5025
5905
8783
5645
5138
7888
8687
7562
3007
8919
610
5172
8719
804
6554
207
4189
4540
6421
6796
8818
8307
9225
9272
9327
8279
6643
5902
6898
1638
9226
6041
4547
2355
5448
6947
6656
4141
5743
4016
6601
8447
3866
6479
4981
9762
8756
4858
135
9941
2650
4187
4065
9720
1516
485
2437
652
847
9535
146
4854
4476
9319
4684
5157
833
1015
2237
7297
2729
8503
5260
137
3084
9178
332
556
2403
2818
4533
3022
5434
3773
3961
3896
8699
468
1844
823
8982
7486
4423
458
4021
6412
4610
4469
5429
9538
46
2145
2135
4911
1447
7835
7414
9559
6773
3496
5762
2871
4138
1918
1997
5982
9280
2635
2050
1618
4998
2691
5560
3031
1390
6988
3571
2299
2476
4786
8464
5946
8557
9298
3006
1477
7130
6667
6808
7305
6209
7278
8823
5185
4742
7055
2442
4072
48
6635
1899
1008
1142
3573
8621
1178
3574
7535
5109
5753
4527
652
3255
8582
9741
5505
3284
9533
4659
3474
9598
5131
7990
9574
9489
3619
1534
2437
1556
9306
4157
5150
1580
6580
1336
5165
5186
345
5779
6254
3516
7509
4692
6781
7113
4593
8328
9947
6137
9951
5969
5835
8798
5485
1762
4671
760
4588
8849
6013
6881
326
6988
2503
189
2204
4343
85
2654
9
6781
9621
6383
4871
847
2517
3815
4937
5113
4077
5689
3918
242
3349
3238
2983
9169
2120
9700
1720
984
3688
2271
4071
8007
5492
24
4058
2498
3363
4210
5360
7309
707
9627
4488
4824
4238
6950
5012
3285
370
2059
3744
1324
6025
886
6551
2870
2470
9230
9189
1483
7340
440
8046
7534
7897
4680
9981
3081
4454
214
2136
345
4986
8706
1787
6615
9593
4424
584
319
9002
5558
7588
1971
8675
3241
3252
5780
6892
5284
8820
3884
2232
6138
6850
9919
7420
6685
8067
8354
4021
17
975
8387
2596
1211
956
2977
3659
8630
2310
4315
6737
7552
8421
9869
9746
4538
4187
4712
2455
2479
322
7058
4426
4394
3834
3565
5216
2457
7307
2345
3209
247
7605
1023
6627
6215
114
9291
9110
5217
8631
5993
4967
2345
2410
9847
119
754
5331
8728
1262
2830
5538
5855
3134
8184
7468
9179
8411
6003
7485
7822
8937
979
4477
6802
2310
6841
3556
5597
9597
2619
7873
2718
8269
7144
1259
7987
1567
1604
5229
5845
5783
344
3775
1001
1440
5685
6461
5058
6004
3154
7001
2868
4807
8388
6604
7624
818
820
9888
5592
9935
9788
4535
8867
8232
4568
1807
5486
7780
1916
7418
1914
9205
982
9585
908
5351
3601
1667
1366
7021
6854
9929
3035
6533
9435
3171
6222
6402
3270
3873
3518
1704
3694
6629
7079
6930
7704
4783
4205
7836
5559
10000
213
3977
1455
5253
9131
5234
6619
4408
6966
1156
1723
2793
8255
7444
3091
3968
7964
5589
1771
5349
7614
2993
1749
4652
9390
7844
2468
785
1594
2492
9847
1649
3221
4490
1726
9370
4739
5542
3027
6229
5593
8065
872
3267
6536
2774
1129
8246
5122
9146
9530
8625
8357
4712
8239
8591
5348
1238
478
6103
3677
9768
5678
1230
504
343
1366
2090
2252
6904
1827
6770
2625
3101
3824
4450
9250
966
1779
3140
5642
4258
9574
7846
5654
118
6508
4245
5965
1517
42
4851
8382
3745
516
5215
5157
7776
7924
3429
4376
9181
2321
8568
9970
2488
8287
5620
9573
5835
2472
8785
7966
4268
576
7114
6872
343
6136
4099
1864
7519
8389
3334
8334
8414
5313
6614
307
9346
6927
5134
1132
516
2165
9525
2382
7562
3190
3121
459
6347
5882
1146
5421
2774
4960
7951
6383
7089
8616
7723
2246
4237
9588
557
83
2107
2477
9338
9378
4155
2031
4777
6277
3018
6533
7575
4269
2281
7517
9969
5251
8715
6219
7635
1937
6223
3640
9765
9368
4536
5526
8702
5481
3620
4057
8897
1972
3096
1009
2681
9664
7350
3791
9185
9270
6609
8104
8784
6359
3124
2400
7843
2460
4137
89
8771
2947
9818
4895
4781
9802
392
4130
5848
8862
4280
7934
2518
6168
6535
2468
8951
5801
4965
5768
1772
8295
471
8699
9894
6056
4662
5420
7921
7680
2799
2298
6004
353
2382
9702
7548
7083
6425
7793
8315
6297
3386
9514
5660
8922
978
9190
597
2665
8723
1524
6197
1332
392
2188
7070
8222
5320
5112
1131
2448
7678
5953
4573
6227
4605
9717
5875
8892
8614
9873
1360
8251
6544
2499
2379
3580
8783
1716
2439
7058
253
2023
5098
1022
9762
4155
9413
2000
5891
4303
3465
5799
8056
2450
9925
5153
7838
6708
8469
9316
2394
5435
525
7055
1606
3422
8001
3630
4736
4692
6664
3563
9262
1221
1801
5839
264
3228
1544
770
8807
7266
3314
3657
780
994
9601
4676
9430
4115
4651
8377
5053
6355
8535
1449
7348
8511
3945
7980
4527
8866
3886
8177
8151
251
5312
1429
1740
4434
4241
2891
7692
4404
6665
5379
7240
8182
4876
1797
263
5237
2507
3215
79
1391
1678
4968
2068
7048
9940
2070
1288
8844
7121
6785
5931
5376
6062
3522
3148
7768
2674
1844
6369
9116
5184
258
6400
5160
9355
9281
6476
3114
7870
3366
2526
765
7941
6533
5641
5974
3177
5678
228
1699
5518
1974
2587
538
4575
3878
1063
6874
3226
9359
8018
9642
2688
3017
6184
1638
3277
5724
4305
7813
1200
9415
1590
8099
538
6936
6834
9763
3769
8136
9875
7546
3377
7141
5618
7278
8351
9334
5181
4123
9141
9751
9424
6344
9509
1935
7348
5046
5412
1411
7226
3561
1223
5341
4412
9246
362
2794
8052
3934
2938
7744
4391
5447
5389
1895
4592
5870
185
1968
6594
653
8196
3843
8256
4398
7618
3245
1461
5786
928
3011
5049
9362
847
1166
6369
2303
4131
543
1832
6959
8555
6051
4925
4400
1178
2191
4389
2214
9921
8162
6490
5352
135
5652
1490
7363
9475
1906
1546
7773
8501
4217
4528
5265
7882
7433
8127
5102
5003
5844
3569
5614
5748
8057
3638
1205
7504
5543
8735
1443
4349
5480
3522
5003
3493
4240
5868
242
5792
8288
2754
7707
4063
1204
6997
7941
9253
6162
8330
3616
3426
8478
6066
9347
2390
8527
4102
7408
8756
4073
5766
6925
5950
9181
1137
3329
7239
63
6225
91
5764
9138
7036
8868
6784
1581
3849
2395
5866
2551
384
8381
5181
3786
216
9059
5436
7804
8020
1419
4382
2295
3529
2918
7824
4024
1844
7289
1422
3
4494
5036
4428
8033
5225
8234
4814
5057
3089
6364
6150
4943
9498
3674
5947
8461
6147
5874
5068
6743
9756
3002
4539
4205
1992
5295
6615
4570
2111
3969
6351
2566
247
3706
5804
2616
5343
5648
3320
6391
7734
166
8519
7093
9820
8801
2586
8948
5078
2700
5536
5225
2820
5485
2150
1778
2858
9081
454
9134
9734
3141
8713
7863
3084
1019
8825
236
5727
6244
6077
9545
5392
1278
1501
2581
9168
9314
2525
7488
4995
7695
5631
6078
544
6436
8976
18
5842
8267
1146
798
6340
2347
8710
1498
8064
2044
6221
4985
6364
9999
6568
365
6721
4257
715
501
8616
3539
4362
9556
6905
5946
7246
87
4386
9866
4370
1802
9691
3598
1871
246
2867
3712
2456
4221
45
4798
2678
974
2862
6150
6251
3093
2259
7518
8206
2988
9304
3869
5232
6828
7399
7158
5339
7972
8055
400
1494
4147
7190
5362
1337
7873
342
67
3409
1158
3211
7340
136
668
4116
5106
243
1514
950
6212
8716
8028
7008
7226
3883
4420
1107
6933
5619
5449
5817
5055
3744
2372
1408
2686
1598
4881
536
5799
5259
2464
172
715
687
3083
6154
705
8801
8562
1184
9627
6224
5690
874
1251
832
728
598
6935
2950
9123
1154
1460
7869
7483
3395
3057
8752
7448
3349
7068
8369
5182
1293
429
1610
6958
1147
3965
6673
503
2707
8254
1393
388
2652
5790
5612
740
6367
448
5208
2081
2510
6887
6437
7167
5998
4486
3197
5985
9389
5819
1295
9696
2653
1246
1172
2964
5929
9328
2141
7027
9312
6684
3476
515
8179
7022
5192
4054
3440
1295
3295
7460
6140
9546
4684
6878
3973
6182
4315
5800
2584
1180
6852
7870
4121
614
8530
2265
4176
1427
2182
102
4646
8386
4700
9805
5113
4050
2130
6178
4276
1736
4573
5905
7309
7833
492
4598
7032
8365
3480
7886
2425
7154
53
8822
801
6447
5476
7388
7084
3771
9140
3918
4656
1155
9228
4100
3512
148
3413
3516
9769
1501
4666
5433
1359
797
8644
4982
5071
7257
9892
1818
143
9874
1916
4341
9706
6374
4271
5565
8073
6608
8332
6697
5878
9860
1492
147
8094
7671
9178
4007
8077
4149
9480
1722
9408
6419
3938
8479
5673
889
7443
3457
8621
8621
5580
9980
4030
752
3643
7593
3321
1961
7171
8247
4347
6944
5573
463
8342
4884
8133
2630
8080
1838
6907
7601
3925
6238
9316
8836
8410
570
8792
5825
7833
5023
88
5520
6466
8441
178
3190
213
1757
7393
6147
779
7175
9278
5896
7975
2710
7594
7540
4481
9645
166
4031
4257
4574
3625
3350
7710
9927
8851
9991
3612
5812
7756
6175
5680
3019
5058
4846
7109
1584
806
4922
7454
1957
6989
9777
2212
5300
6848
1104
4478
3125
1419
7770
8983
354
1242
4584
3173
4694
1418
9772
1321
7755
1359
9557
153
6441
1032
4422
8766
9183
7918
5656
191
5906
8351
1105
9840
683
8631
5272
6164
9575
4329
4078
4399
1471
876
4046
6416
6764
9443
7140
6318
5937
3540
7095
4706
421
1026
108
8987
3943
1948
691
1243
5424
9726
7419
6176
4561
3187
526
251
5788
5415
8107
5689
1087
6515
7255
3922
4285
811
8051
7548
6403
4876
3349
5280
3175
3010
7185
8807
9569
698
5076
5377
2628
8362
8202
6120
5471
7741
9569
1626
8722
6279
1897
1180
6824
3670
2781
2991
4682
7601
2045
8554
8128
1063
7733
5993
5896
295
6004
7522
5123
6310
8999
5070
8013
9820
7590
7447
3318
3900
8331
5602
6824
3872
7659
8672
9170
2535
8543
5400
9604
8325
7639
8243
4673
4771
3578
8235
8233
2411
3282
7453
6988
5200
7972
3285
8669
49
266
674
3088
3973
1697
6026
1466
1831
1730
7567
7126
8387
5841
7217
4278
5627
9696
7066
4307
8430
2048
7766
3074
7465
4899
1894
2526
7844
3042
462
4748
335
7530
405
3538
3878
8700
5826
5238
8311
4531
7028
1317
1084
8809
4971
3857
7596
2869
484
