8598
2666
6612
910
5338
3926
3430
836
14
5364
1646
5710
9376
4824
5156
502
2070
1372
3884
1242
7138
5174
7648
3296
3090
8508
3650
9124
6218
9010
3128
6508
8148
5620
1162
6758
3030
5558
4036
7368
5218
5070
6390
6970
136
184
672
5982
9802
2474
8682
2768
2428
2098
6174
9260
1858
2600
2368
7244
9576
1536
8686
5252
9526
8064
4348
3122
9642
9906
180
9054
6104
3388
9178
8752
6982
982
7986
160
7838
680
5838
2348
2452
818
9518
2250
5114
7000
2824
8586
8498
8832
8942
5290
3570
9438
418
8166
9372
516
2634
3438
670
946
5308
1230
670
9284
6330
4928
9956
3222
1326
6324
5532
726
7950
1100
2566
3686
304
8860
4684
1124
1680
868
1680
9812
8196
6600
8264
2806
7908
28
442
3390
3446
4536
2400
6890
3492
7170
2128
4564
3434
9104
9894
250
1836
5608
1526
9326
6324
1272
954
5458
4454
3580
8308
4634
9558
8200
9550
5296
6992
7218
4288
4036
3668
6968
3474
8172
7800
1660
3560
1326
4404
5020
5934
9230
7426
4122
1094
4260
4054
9110
7518
5420
5214
6222
6818
1806
28
7806
4214
9246
1732
780
4812
2530
4380
228
2420
5550
1652
7370
2872
7992
6516
9404
2244
4048
4812
5870
8224
6338
6874
140
1026
782
9948
34
1910
1026
7866
8730
9966
5708
8988
642
4076
7180
4562
4700
9338
3240
2690
212
3186
1338
1364
5052
6274
8528
2120
8742
3118
1386
5676
3060
4634
6904
908
1304
9018
6372
8482
4094
1390
4476
9512
7212
5030
1016
9464
4780
4246
320
8892
1590
5556
5034
1338
9862
8724
8726
8630
7428
672
8880
5222
7094
2520
3964
3536
7442
4446
328
6052
1376
5036
6828
6274
74
3554
4430
9810
8462
8912
9842
3330
826
7848
6952
4734
7164
1670
314
1766
8626
394
312
1064
7606
3574
2188
1172
7926
2776
4688
4504
9384
7282
9310
4378
3712
7310
4128
5286
5916
3216
5018
462
7632
7028
1910
2276
9398
570
7594
2780
8466
2314
4022
288
2756
8640
8610
5936
2192
6130
5210
6724
9580
3408
6844
8512
5640
8492
8538
9378
9682
7802
294
5476
1126
9342
392
9238
7384
738
4376
1512
4838
7162
6088
896
104
5234
824
9730
7838
172
494
6020
5920
9164
9762
6024
5202
4294
3838
9464
4258
240
5840
9180
4700
1306
4956
7312
7366
4050
4028
5304
9120
16
9582
3648
2508
4412
1434
654
3690
1116
9986
664
7832
1444
6802
3330
1128
2850
4472
2398
1434
1200
9324
6084
4162
8934
8250
1840
8642
7348
1472
3786
676
1838
9336
4066
5952
4900
9648
5904
1626
4226
7510
3512
1494
4910
342
5672
70
3482
7826
526
168
6368
6960
7762
4786
3500
3492
8368
9826
5246
8210
6002
5842
4706
9956
3348
4672
9396
4530
7068
1956
1276
904
4158
9320
9024
9040
9980
7570
3846
9994
8088
5718
2252
6900
2992
7032
2280
6508
3548
5622
4798
8682
5700
9282
2004
886
9532
5196
9774
7820
3190
2528
8352
990
648
3154
9914
1636
9188
1436
2998
7986
4378
2150
8242
240
7272
774
7548
7362
3908
4128
7998
716
1752
7598
7350
5900
4180
1202
5142
3464
4110
6334
6234
4370
2424
1622
9994
8426
536
6860
8454
264
3048
8862
946
3582
5892
7024
3840
5978
1224
3970
1326
8012
4068
4146
8906
5354
1354
7884
8592
3864
9782
6624
9124
2872
2252
8152
1782
814
8178
6510
1722
8002
9396
6846
84
1296
2470
8508
1326
1504
7674
3408
3430
3734
9960
7864
5200
7648
928
1526
8600
1042
1760
9462
9144
6036
872
5686
6144
7380
5852
3100
2350
9174
2358
9060
8146
7526
5968
9244
4842
4034
2546
9586
304
5116
9650
9316
6846
3414
296
676
644
1390
7426
8340
1130
372
8152
2826
8096
5792
2304
8274
2772
2778
8888
2740
3760
8072
8010
5654
3050
864
2570
9454
4880
5684
3814
2050
440
492
8248
6192
410
10
6614
5422
4138
2642
8874
8876
4274
9344
3406
1952
9434
9834
914
7360
3134
9560
744
9948
9750
3632
4404
6404
1298
1018
1086
6198
8514
4946
2166
9550
7450
4488
530
7096
2966
9958
748
210
430
468
3680
4404
70
8948
434
8942
3256
7580
9314
460
4578
756
4506
8684
2676
6854
130
8444
9794
8754
5492
2122
8896
5256
3402
4362
2242
1328
5636
320
6252
4800
9832
8496
5128
7558
5738
5624
5074
6452
4560
8068
6442
8424
7996
7316
3032
4800
2280
2706
6990
4626
3730
7118
6848
4932
8170
3318
4028
8990
2770
1442
9136
6562
5598
1648
8586
3918
6056
3894
1012
6298
2806
2018
8442
5962
4466
3584
8070
5490
9020
7274
6576
1830
448
8346
7302
9372
1508
456
2020
4376
200
2694
3084
5734
6610
7114
4368
3886
1494
5392
7674
3554
4012
6792
3918
3072
1446
3334
652
8562
4188
5256
1052
5602
172
6072
6890
48
1946
4548
3098
9510
3688
9976
5012
456
7204
6332
9404
2530
9278
1832
1996
8896
1064
4688
3260
8950
4774
5498
6768
2292
1250
978
1194
2636
7448
5854
1764
5014
4662
3742
3420
6546
5522
2944
8250
3216
4612
6688
2142
8526
2270
1082
9984
718
8076
4918
4882
7152
6916
4512
4174
28
4286
9846
3534
5636
6602
4306
5146
18
7764
4700
9884
2434
5052
9728
3468
6652
6360
9220
8374
7982
8030
1974
5836
5306
6812
3078
974
7834
5672
5218
4244
1026
5338
8024
4094
572
5550
4874
8428
7114
5136
8078
1644
4548
8266
1346
608
722
2398
9190
2480
4670
5044
350
482
9582
690
6728
4534
3036
7550
9448
6
6650
8048
4650
1234
8758
9336
6744
9950
1548
964
9544
108
9294
2846
6336
2398
324
3470
582
4086
7826
6548
5610
5960
3392
8234
486
2348
8010
3788
6004
9920
3190
9598
9828
1982
178
5374
9558
1192
9426
9458
3296
9084
5342
2242
7068
2292
5968
2456
7978
412
2472
7598
2692
6650
4506
3818
7158
6648
232
2364
3886
7792
4418
8378
6726
3962
1328
8402
3004
9970
8808
5338
9688
1006
9524
6188
8840
5528
4990
3366
5180
7316
7800
2436
2176
540
8728
946
8062
9508
7824
8430
4956
6824
5626
3872
9126
7330
8746
5622
1224
3486
192
7092
2000
5728
1160
8474
1614
7638
1802
4268
5348
2848
762
1812
9230
1872
5646
6850
4672
5630
2978
3266
5600
2564
3442
7494
3956
7024
6050
2428
5904
130
8224
5302
8748
1032
8106
5212
3558
5184
4450
698
176
8504
6412
2724
2880
8230
1412
6208
3064
7428
6816
7648
3138
3046
6022
6828
7182
3768
5738
4874
2030
8174
6272
9788
2032
7448
158
4592
8116
2670
3678
5062
9102
6696
4292
6804
2502
1370
914
5812
8706
4088
8158
1196
1588
8852
2282
5636
8514
1694
8376
3846
1090
6636
9698
1496
8342
86
9090
336
1812
7158
850
258
2526
9562
6206
3212
1710
5848
3378
7396
40
7180
8116
3886
7254
5488
700
3788
496
6622
4978
768
5226
9972
8572
8400
2318
3378
4990
1968
134
2418
5932
36
5230
4950
3680
1236
6248
1674
5520
5608
998
1316
9174
9010
520
8680
370
2164
6830
506
9394
7346
8972
6048
3504
6480
964
1094
8740
1496
3548
5732
4514
1752
8964
8502
8052
3404
4152
8668
1070
8976
222
720
4766
7392
9026
9044
2122
7148
2320
8460
6180
5622
8154
4572
8790
3810
6374
3158
2768
4562
5216
2008
8186
6818
6346
6526
8090
6974
2904
6800
8940
706
4638
6770
2798
788
6606
5574
3912
6344
7804
942
2876
2240
1600
6152
5984
3260
2058
788
50
1158
1146
6922
9420
376
116
836
9000
8838
790
2436
5358
4048
1648
1540
3100
6838
1874
1804
9712
778
3502
9726
3196
6586
7818
1100
4446
6934
1690
7092
114
2682
958
7598
4526
1314
1458
6952
6590
1866
7026
7526
2686
6614
1018
8358
4632
3432
8954
1936
6488
1174
5564
5724
9032
610
9818
186
5048
4496
9246
334
6042
6474
560
3074
3516
3100
6282
5292
8510
7086
7004
4116
2630
3798
9836
1144
9996
4
376
406
5410
9346
1960
5636
6470
4458
7226
4482
5012
7272
6388
6356
2048
4056
4526
7528
64
5698
5504
650
7004
3220
1164
538
7244
4572
8172
664
2506
306
1638
608
7696
1690
3476
2148
1180
1574
7306
4942
352
6578
4890
9870
8700
4794
2194
3868
7824
2156
1288
7634
178
7696
8890
990
2364
4010
9490
5960
6454
8504
1520
1720
3376
6404
6890
1150
2276
8842
38
3438
1104
3378
692
2790
9044
308
580
7044
390
8630
2568
4576
3702
4914
5198
9484
5296
140
3404
7130
2372
3608
6876
5868
6900
7330
956
6460
7588
4162
8920
5630
1130
3526
8748
4002
8268
5262
5976
7436
1194
8124
3560
6318
5172
5254
8140
8418
5892
4354
8756
7112
8246
6472
7706
3240
2588
9004
540
6914
1690
8266
2204
7210
4736
2714
5346
9004
3540
1112
172
906
7526
7816
9808
1650
1618
5610
8522
1762
3062
5570
5400
6182
4242
8134
5486
4674
8574
7424
806
9744
2606
7726
7008
4838
2786
6444
3768
6260
9594
4886
3438
7610
8548
6542
7372
6176
970
1448
2488
6378
4062
5246
3844
8518
3074
3748
4652
2048
284
1312
9082
2676
5330
3924
4972
7818
1326
2472
1480
74
880
6098
736
3212
2080
9132
5384
9026
26
3244
5530
2258
7762
3170
1992
7914
9268
2174
4002
9788
4340
8356
4438
236
4754
1644
332
8128
8802
9726
5130
6522
3404
2480
4068
7210
7228
5716
5872
2758
2574
4426
5992
2390
4428
1016
4424
5606
9820
1776
5932
2854
7170
4732
3936
2722
5858
6892
6946
402
6248
6524
2998
5382
5996
1988
5398
6612
7478
2698
802
9264
6494
5664
1662
6308
4530
6
2158
2076
4570
8294
2392
1802
4990
8170
3712
7302
5730
4938
5460
7208
9438
6096
2910
2744
8404
6194
984
1934
9916
2052
9790
4940
2254
7586
7622
4368
6204
972
9652
2120
6632
7872
2204
9272
8496
6846
9784
6334
8774
1340
8262
2354
2516
2852
3310
4478
5652
6174
5300
5084
5138
9572
2174
690
9858
9202
2392
6870
1614
5046
658
9034
4986
1124
4436
9140
8326
3626
974
4552
4514
1106
7582
2612
98
5844
7502
7476
8458
6408
4020
6794
1506
7184
1154
5636
3640
2496
9960
1110
934
3322
574
6042
40
9978
8264
7560
3070
1234
574
9240
9576
5534
2064
4334
6442
8174
6228
6992
9588
2234
1224
8770
1866
6502
9192
6176
2870
6404
2368
7484
9572
9764
4434
246
3818
5566
4730
8866
246
6046
3740
1056
4706
3410
8878
4892
6574
5620
8618
632
7094
866
610
9656
1154
8026
864
5748
9634
2306
4088
7340
7706
3924
1494
2730
4528
2422
7898
6078
3006
9044
7808
9978
1598
2076
1640
5848
7248
5876
4146
9680
3408
5444
3086
9504
9590
9904
1968
3294
9322
1278
2552
4494
7280
5450
3408
4498
2456
2442
752
5530
2668
5042
5264
4596
7782
9454
172
7796
6810
54
96
1318
3152
8398
276
6512
278
4742
3644
2498
8814
1308
6046
2316
9260
2078
1980
8390
1296
7340
3994
7670
4406
6286
5596
342
1310
5330
8976
7586
8634
678
5358
9728
5408
1116
1594
2060
2892
5740
3910
5310
8658
9040
1442
3936
9138
9504
7206
5252
5506
2108
7636
8942
2482
6094
6036
8124
5650
7614
1226
1916
1210
1572
1628
3602
8584
8152
840
7524
8860
3350
9142
5094
7976
3268
8764
8864
2568
5012
36
7792
2208
8064
7948
1768
8440
8122
9298
2826
9838
88
8096
5430
5406
1702
2406
1592
7674
728
3188
8632
7932
8630
6816
7510
4248
648
8160
1214
4364
6764
9112
6844
5310
3376
5412
9880
8230
1784
8788
4216
2632
3104
9418
8644
5958
7930
2794
6258
2898
8298
1604
3822
8366
9686
7600
284
5892
3730
3794
2860
1294
1142
6810
8818
1656
9940
7188
7050
1642
142
7866
3592
9282
8976
9958
9712
6844
74
1464
5104
1116
9212
2172
1304
8738
7690
8414
4468
90
7854
3822
436
2574
8024
7430
216
3120
6658
92
9532
2442
5912
4556
8926
9122
9664
2178
2016
9300
2166
6210
6968
1020
8546
2774
8028
9956
4076
4250
3728
9210
9000
7744
6624
3836
7368
4984
5998
8766
6572
6558
4740
3622
7374
4540
7868
8572
8596
3568
5490
3334
2764
868
9262
7428
296
644
2660
2906
558
682
7322
6684
9080
4310
9932
514
8734
30
7514
3238
526
3478
6058
4606
1376
4442
9560
6468
6782
4810
5794
9660
8666
7316
2700
2484
6478
1472
7050
1062
388
7506
7826
824
6228
6886
1318
6122
7070
8570
4646
9256
284
3118
3998
9814
9282
6336
2158
7366
9330
4874
5362
1382
4676
9568
4094
8650
8340
6192
3506
1798
424
358
152
3848
4084
3466
164
7132
6676
8556
7112
8750
8594
5548
9510
2370
3442
956
8130
8238
44
5870
8120
982
4228
4774
8884
6590
874
6562
9952
7868
9312
7320
8858
6558
2596
384
9960
2878
8064
6576
2910
9976
7554
916
9136
9422
1454
5314
8882
7066
3072
3876
8346
9174
4552
3984
1122
8192
2670
8200
652
7550
272
4168
5794
6432
2844
88
6900
7252
9968
6510
652
9466
6818
2810
9166
2632
8200
8604
5520
9646
2812
8032
8638
484
1604
8966
1494
8060
36
2900
5288
4788
1574
9978
6626
5040
6296
5450
9542
8970
3650
8820
7664
8798
7852
8918
6220
6430
2816
8730
7204
9098
6896
5008
728
1414
7664
7012
2938
1232
1274
1030
2244
3498
6882
1308
328
2810
2604
3268
946
3266
4188
6754
9536
5666
3874
36
298
4692
1642
404
3066
5122
8862
822
1860
3016
5932
778
3576
1364
1306
8182
7186
4338
9312
9964
3150
1544
6376
8076
9476
6736
7830
3014
3414
9484
6274
1398
7174
4568
2248
5168
7500
3916
1922
8506
2896
7624
1478
7736
9138
8902
4194
8208
7238
9260
4974
2106
3838
8562
7546
340
8532
5264
6994
7884
106
2332
4216
5628
130
7964
5430
8090
6750
128
3502
6360
9000
2056
9284
3098
2056
994
1290
8686
372
7918
2948
68
6930
2416
6326
4048
5630
1486
3950
9206
5390
3416
5754
4434
4162
2298
2894
806
600
914
7834
1692
588
6322
9124
6764
4620
4364
2646
7680
9530
6612
7204
2176
4248
5164
4690
4852
5286
3400
2716
4218
450
48
6016
7918
6358
2672
8418
6184
7318
2728
6146
7618
5168
5114
4848
1086
416
9850
1186
3000
9684
6780
9260
5402
4064
4808
6876
8832
9270
3678
494
6310
9266
5040
7358
5302
4580
2548
6706
2274
4354
9762
3596
6520
7678
996
4404
8682
5280
3940
7530
6340
5128
7316
5700
7752
8654
4716
400
6926
6128
8878
6404
4024
2418
7840
8384
6800
3604
4318
7736
4526
2346
9066
5438
1408
3580
8958
5946
4538
6796
9992
6604
5952
2812
6474
6312
7742
3736
3200
5598
5676
2618
7190
962
8084
4006
7416
5480
9468
606
62
6660
9014
2436
2294
4194
1752
8220
7468
8740
8518
4470
208
4282
1336
4570
8436
1174
7168
4488
5130
7222
2012
8264
3864
8820
536
5388
8260
5640
5504
4428
1388
2718
2002
2938
3812
2578
7388
8798
7234
3486
650
566
5926
3678
2378
5642
4808
4378
5686
3172
9236
1430
9778
5518
934
8824
3492
7598
8148
8376
9422
898
8290
3312
8878
34
1380
8366
3046
9374
884
9466
3148
5738
6704
6064
9172
9294
7122
2750
878
1420
3990
862
928
8924
9046
8136
3194
6362
2762
3506
4000
170
614
3334
8598
4906
9736
9404
3810
514
8058
9766
3404
852
2008
2710
5772
7788
162
6998
4578
3830
5608
6012
9230
2978
5186
2882
9908
3980
9678
7426
9320
2802
9300
4524
738
8262
8348
6158
7068
4132
7928
1400
3334
170
9762
4540
6530
5062
6106
7676
2692
2326
4626
4654
3194
1856
1386
1854
1660
6734
7984
1528
2370
1656
8906
606
8996
7416
5930
4540
5946
9242
8516
7006
9290
3290
3228
5584
2868
5774
5760
5016
9868
3786
6478
428
1216
1716
830
3630
9790
2826
4648
6690
4130
3658
6652
6056
5954
4536
8570
3550
9080
9578
3696
6354
4324
6850
2778
630
4948
8680
9056
6336
7244
2234
6836
6994
7274
116
9290
3636
9212
7938
9790
2108
2566
8252
4746
9022
4630
3628
2612
8800
928
4788
2108
1780
2142
3672
7020
5546
1360
1602
8466
764
4156
5202
5288
7978
5410
7358
946
7918
6338
5842
4994
1268
3146
7030
9094
6896
3650
5056
238
3650
5164
6636
4642
2868
248
7498
5208
6858
9456
9130
2278
9960
4720
8182
8718
7534
3804
9536
4402
6642
8798
8450
7082
9908
756
5252
4758
8820
7514
4190
9366
922
9426
9890
9684
4860
164
308
8786
7630
7268
4670
4302
3376
1738
3028
3416
3388
440
3276
8734
2026
1376
1176
9522
7308
2840
7002
2436
6218
8604
638
5664
7006
8210
1014
8032
1996
5650
2644
2588
4222
6986
4080
4780
6622
184
330
1226
9326
1370
630
4790
2804
4300
8796
2886
9392
8582
8314
8556
7146
4196
8616
4284
7930
1318
3698
6944
3596
1636
8266
3584
1438
4638
1306
5454
7244
9974
4718
6634
8256
7674
7270
9534
2364
5600
7986
7348
9490
392
6714
4552
2290
4358
7904
9770
1218
8322
6712
4052
8874
9596
5600
7720
9408
3844
2
5700
7460
8948
7586
1826
4778
1796
1852
3716
5364
2302
9530
982
6078
3440
5330
6836
7268
7022
4370
3196
5010
8276
5918
2402
3266
4328
6686
424
6082
9874
7140
1684
5738
7382
7188
8756
5374
5956
6266
8754
832
9080
3482
4474
3766
9988
5966
4706
1074
5944
9072
8850
2808
3302
7684
8384
2160
3712
7142
8106
8814
6014
7814
6900
4222
1970
5400
3356
5348
4008
4758
8826
6044
266
692
844
8736
1832
1654
8024
3380
3656
2830
4002
850
804
7720
3442
3832
9320
6916
4894
3848
8310
6834
4046
1332
8446
4890
7672
6482
6196
7984
6764
726
8752
2732
5456
5712
1160
298
4396
9808
514
6986
8304
6568
2080
962
1902
6876
1122
6758
3686
8582
5760
7214
8806
2546
1688
6638
9508
1858
2534
6604
1356
6444
3746
6032
8172
3566
6794
1910
4242
1738
1896
4864
1578
5880
6580
6954
9950
2952
6292
1764
6700
1910
1380
9754
1986
1190
9856
1044
3310
8886
2530
788
9084
3172
5044
8658
7466
5404
950
112
3926
7236
4666
5552
1444
4544
9398
3448
2824
2756
9602
1310
9890
588
8948
3904
3188
6190
7414
1176
9206
9742
5550
2236
1838
8508
7540
8044
5696
8646
9278
1080
7004
7854
5672
462
4150
2596
9836
5362
8126
1992
4374
2156
9360
9244
9688
1576
546
5642
8546
4062
8116
7598
6928
8986
1734
6064
644
9294
8914
9406
8854
5526
638
974
6012
8626
1432
9556
9016
9874
8538
8448
3186
5060
4364
5548
8450
3414
3408
7534
5790
2400
6736
3152
1660
240
9188
7204
9656
3480
4058
9360
5748
7652
1332
4340
6144
5680
8466
5694
7102
7894
1448
4446
6154
8840
8426
5812
968
4180
2284
1214
178
8788
2610
3354
2666
4196
8650
3944
448
3854
762
5560
2090
4578
9746
6092
2340
190
4824
6086
1414
3426
4870
4672
8370
7666
136
7428
8044
5068
5022
3606
7566
2982
6508
4266
8344
5860
6162
6902
8228
3320
3716
3136
9806
6760
4860
5482
1960
9168
1456
9024
7898
5632
8620
4682
8538
7340
8644
2464
366
6734
6116
4090
7354
2410
5132
3530
8184
2332
6030
9276
7060
4192
6028
5998
1620
1412
6986
382
4596
7834
162
6774
5054
4028
5146
1646
8412
4268
1660
954
9172
7506
4064
2018
5310
6208
5538
5696
5272
5912
1304
6968
7000
2710
4268
4388
2026
5648
1640
7750
3406
1332
1076
2976
8898
6738
9026
8866
5478
6590
5430
2428
7476
7610
1022
9686
1908
3554
9200
9540
5322
2712
5976
372
4394
3798
2794
4572
7086
4422
3040
202
8904
7548
438
9778
5904
3458
8602
5572
7756
1902
1964
3174
1428
3896
8700
1856
3180
4462
200
9766
1134
7852
3446
9782
9570
3386
384
5000
7750
1194
1546
7548
9838
3510
862
6010
5984
3484
6992
1328
7830
7118
2280
8992
3486
4858
4516
3476
6092
7334
4384
964
4182
9602
8408
5156
8664
8784
8074
8914
9928
9056
1188
652
858
5168
5900
7480
4452
7914
8850
946
4924
2510
4670
9652
2102
918
3932
8196
2954
9276
690
4630
5978
4630
5976
3514
3408
3248
1814
8180
3572
8078
2720
3282
7160
3362
1304
3466
9556
4680
1384
8428
7786
6306
200
4780
8502
5804
490
7064
4376
7390
8172
9052
560
3694
4944
1690
7978
4380
4546
7894
9704
5936
8606
6424
9406
6552
5058
5282
5324
1246
5006
7712
3660
1046
9870
220
7666
9642
3168
1524
86
5630
3132
224
2554
1690
2914
4650
3148
676
3682
7490
7026
9878
914
8316
9916
8816
5040
9988
7388
4206
4620
1344
8672
900
9732
6198
5716
974
8092
2670
1022
9676
9558
2894
3110
7316
5072
8098
5450
3718
3058
9768
6816
6554
7998
6752
2552
254
310
630
5044
3430
6800
3782
6252
6938
5890
2596
5154
3156
9750
6498
2154
8144
3390
8978
1674
6746
6208
5782
5964
8242
7138
7458
5738
1872
8156
7532
3478
2760
6164
1884
5126
9884
7786
4658
4376
2126
420
1846
1458
7654
7120
2382
642
3182
2436
3894
196
2934
8300
8878
2286
1658
9548
7304
7200
500
330
2282
2638
2694
4384
1934
2934
2276
6358
8904
8296
8196
7188
2650
1718
2562
2712
3074
6956
4046
6974
4654
2386
9030
2264
3508
3864
8556
7990
5446
5026
4064
2998
1672
7722
8922
7280
3970
6072
3384
6654
9978
2692
8478
3322
738
4344
7862
8540
8498
9214
1510
8322
5822
7824
3112
1166
8552
9130
4896
9246
4382
1666
8710
7680
2216
1498
3894
2194
9226
9874
6966
7250
7770
4882
5358
4874
112
888
7766
5534
6262
5562
3630
8804
868
8510
1518
9834
4282
7032
9080
24
8902
4920
5898
5972
5582
4370
8204
5098
8846
7850
8576
18
6396
6632
816
7058
76
4118
4960
9448
8874
3302
7926
6774
4872
3180
8130
7594
3544
8754
538
5890
2784
3892
3938
2962
8030
4940
5180
5302
1364
1710
8680
1302
2502
2040
8230
8622
7886
9106
5348
2532
5014
5838
3498
9012
7638
5338
9728
7026
8280
8590
5618
7530
8698
1616
4936
7600
6852
5760
1826
110
9214
4838
2612
7316
8798
2300
4980
3364
7230
3956
5966
476
6106
4348
3020
1636
1042
7548
7696
7746
7744
9380
8994
3990
420
20
7406
1368
8918
4998
3082
9668
8450
9914
344
3362
1958
6254
8204
984
8234
6924
8386
2198
9484
7328
3434
8046
1364
2702
2660
2414
6618
7756
6834
8860
5388
7146
9358
7388
6362
4540
2646
1970
7336
2804
1558
3034
7236
7114
8784
3184
1780
2700
9060
5634
7106
6244
4122
1516
6702
7202
7662
5500
6938
6100
6904
9694
5946
1646
2882
668
7392
2690
4662
7952
5138
3526
5086
4504
1152
2772
9644
7336
8348
516
8918
5030
3338
3638
5234
8092
4680
5892
3202
2776
40
5708
4004
2296
4122
4648
6972
9306
5368
4382
9066
2882
6944
3914
5814
4132
9410
7956
1590
2140
8530
4844
684
7034
2298
6690
4232
8650
3430
3132
5548
3300
150
4880
6502
9036
6690
7068
4520
7240
1274
7174
8676
8034
6542
62
7110
740
8026
1032
9454
5782
5390
7606
262
9064
3610
2802
3828
8972
1386
7612
7010
4868
372
3238
5868
6424
7238
7706
2920
1854
7110
2016
1714
5314
6410
8574
2538
3544
6248
4062
5454
5158
4712
6292
4088
3180
4308
1212
8880
1660
1722
424
9182
98
3686
8556
5774
6706
832
6670
4068
5490
7634
448
4186
4752
9444
7206
8768
3928
5486
450
8158
1560
434
2816
5054
3640
378
2302
4074
8310
4068
9630
2878
6346
2288
3236
5306
1194
4062
3002
308
9344
8814
5764
2250
5494
3132
4410
9236
562
1978
182
2118
3250
9282
1260
1404
3128
650
1154
8536
228
8250
1076
1210
1104
8674
4406
4808
2588
8312
9474
5562
1216
3286
4760
158
826
282
442
5430
6634
5274
6052
2208
5154
1942
7204
5032
8308
5206
5048
5552
3114
6358
3330
1642
8892
3700
22
4302
3280
396
9634
9852
8058
432
9790
6122
9906
3544
4486
8030
4010
2064
4384
5852
8346
3004
5104
1358
2366
906
2914
8456
9464
7556
142
1608
1370
5820
4606
7320
8830
1868
5444
9582
4170
6424
4472
164
2894
2386
2348
5294
6700
9182
7362
3184
4824
8978
308
6444
1774
3140
1638
5776
8940
8028
4804
2784
5848
3762
9766
5958
8882
8712
6124
6348
4384
5152
4766
9578
6512
1920
1914
9248
3724
2288
732
552
6684
6058
2302
6054
2298
476
1966
916
8952
9942
942
2598
6542
386
694
7986
9972
4822
9566
8256
4446
2878
6162
1282
8272
5770
3902
3818
3118
5098
2144
9362
1754
1154
4274
7404
3030
9436
7356
6312
9124
3804
3880
876
4666
2696
8546
298
5248
1774
3456
7162
5382
4052
1782
636
7694
5202
7522
3510
8522
1502
5728
9258
2338
4962
2614
1386
6872
9588
3880
5266
6122
8648
4014
8590
1752
9350
7090
2344
2588
9546
8698
1972
8506
4812
6936
9666
2092
3886
1360
8188
3610
4308
7490
546
8086
8104
3480
1282
1726
5520
7502
8432
572
6218
7772
5160
3510
9622
6454
7926
7696
4774
1862
1914
4118
768
3104
6802
5232
9564
2794
9770
5820
4272
6064
8820
8270
2082
2218
1224
5702
9966
6134
8384
994
1156
9152
1936
9704
8672
3512
3410
44
2556
1510
4312
5742
4768
3732
7096
6858
3212
3366
980
8516
4990
8336
502
156
5124
7690
688
3662
2606
2042
788
7972
4032
5738
572
7686
8106
5838
1672
7166
7114
8138
8408
6796
5150
8998
5690
958
22
6574
9882
6610
526
1558
9380
4080
3888
744
9956
8906
1122
2808
9294
1090
9406
788
8416
1192
3118
3888
3394
888
9798
4368
9770
7930
4734
9816
9998
8182
8754
3066
4250
3530
6834
3794
3814
2288
8488
3150
7944
7796
3408
2642
5716
2266
5012
1632
3792
4860
1578
1990
6028
7276
9968
6680
6912
3678
136
1142
1434
7772
8454
8018
8988
7680
1314
3334
5612
2794
4700
2712
9948
6374
638
6554
3914
8540
1080
1702
1256
5322
4080
3702
1054
3668
7522
4154
760
4930
3308
1072
7274
1374
7274
9588
9094
8984
9300
7740
852
1326
9678
9472
746
4620
7960
180
9704
6188
624
3402
1132
4922
3038
5986
3374
6448
2950
2038
1316
2462
9784
1068
2110
4534
6040
9332
9636
3766
4802
9434
3158
3040
2084
8718
1614
1492
848
2652
5680
806
6884
3516
9122
2400
7608
3358
6924
6680
9254
4210
1974
3112
6638
1732
3180
8092
4232
6514
6806
7688
1900
624
7524
3962
332
5316
1728
2674
9882
4996
1540
4740
5528
8690
2254
1606
8590
3534
3496
6494
6940
1102
4662
7854
1526
650
6016
488
8500
6896
5780
6500
5848
8518
2922
8218
6278
1444
8282
2018
1746
9284
1042
3402
9608
9010
2424
612
6464
350
2972
1828
3534
1002
9294
2512
9492
72
3322
714
1380
290
3186
8884
8952
7238
8068
5382
172
6974
4542
5960
9212
3414
512
9808
9204
9036
1894
8282
1840
260
2788
5286
4200
7354
1052
7474
3298
7308
5706
5318
3084
2068
4092
1736
100
7886
7908
5664
2998
8154
5940
1950
872
6776
8870
376
8754
96
4820
6556
2262
7522
7084
8812
1308
8468
4374
8896
8404
8544
5948
6220
6366
9402
7400
2630
7386
3610
5934
3682
1898
1954
4102
9154
7594
8024
9968
9494
2684
6238
1944
7636
9612
4634
1432
7536
1484
8260
360
5234
1500
7868
8000
6392
5544
9358
3862
7912
5204
9710
594
2394
8226
9348
5470
2598
4804
8208
9646
4436
3928
1076
5154
1532
3942
1228
5652
4628
1290
8910
2800
3396
2414
5930
4502
974
372
5696
228
9110
696
7750
5098
3650
2726
5396
1008
7884
6778
5254
7230
8044
5844
9590
2066
9488
784
2656
6844
7812
2662
9956
1908
9862
5812
4210
88
102
3730
1542
856
1768
5012
7530
5502
2632
4158
3920
48
7346
3808
1946
5378
1590
6884
2638
7208
8792
2596
6928
3722
6458
9182
5278
5034
4176
752
5534
6366
1124
1896
9632
5974
7140
2570
2114
3920
1968
9294
8920
3036
5348
7824
3734
9470
1474
4696
2390
220
3464
9138
7718
5872
5622
7380
1622
226
9212
7448
3906
9192
8198
5086
5848
5614
4284
2956
932
5260
158
7836
8442
2334
9568
6590
1242
3888
5010
3096
8426
7922
7610
5600
5092
7884
5266
7530
6142
5662
1140
2066
6052
8052
7662
3420
4106
1694
6692
6986
3804
3798
1304
234
9202
6790
6548
9836
3836
4392
5536
228
3946
9478
1464
1708
7490
342
8750
6936
5458
678
5254
4412
6174
3600
5738
2918
1336
1004
1868
1632
6868
4462
240
2304
2932
2160
3184
622
3306
1930
6108
5508
3744
7462
8422
5408
2732
7536
1046
7112
9166
3824
5850
2892
3748
