4835
7917
8607
7093
4979
781
8181
287
6625
7179
2563
1815
9309
1847
4149
6963
8897
735
4391
9209
8861
9453
2521
4259
5413
3757
4833
8561
8325
7909
7299
109
1397
6903
8127
6105
2615
4651
5311
9879
5199
3429
3603
8611
9187
3059
4841
1623
1729
2417
6051
8433
2225
5173
8555
2033
5779
2951
2919
1873
2895
6609
6677
5959
9553
9903
6395
8703
7847
1445
1507
5867
5335
9847
7875
5035
9127
9971
2869
5041
6721
1909
4301
2445
9513
1579
2469
7645
819
6025
1429
65
8939
1005
9331
49
4713
9313
2511
3509
2311
6217
6869
5345
3341
4535
365
7989
6039
9431
8409
7151
6825
6441
8739
1127
5121
1147
5153
267
3369
8441
4285
2399
5047
2925
5485
4525
5695
7053
5811
9697
6905
2863
4773
2047
1911
3153
9613
3721
7479
4167
2289
3471
4221
2035
8167
1351
4219
8785
4317
2717
601
4065
6475
2925
7607
9723
1767
7813
4899
5995
8769
5999
6615
7307
659
2155
785
929
5465
2895
549
1369
203
6417
1609
7597
8035
9615
5869
4949
3667
2159
2281
9715
5737
4759
2655
7735
6575
5257
2771
2529
7675
7977
727
5747
6933
6961
1587
381
9631
7877
4583
2235
669
257
6383
7677
2231
4517
7281
1695
3153
9913
3769
7961
5163
785
3687
5563
5877
8395
7901
1985
9321
2159
125
3661
4035
4067
3535
8393
4043
1935
4009
1727
5751
7055
5461
7751
2595
1633
2783
9501
6411
5655
3331
9667
2065
4819
5723
9495
835
8057
9871
6257
5635
3543
5635
1505
3333
363
2575
6849
5033
4795
7573
865
1529
4843
4231
6541
3555
9391
8225
1247
3621
7729
6007
2383
8189
1533
7625
1121
6557
4577
8455
2943
6755
1559
9661
8243
8173
7681
5891
7297
9489
5681
6423
8001
5023
5647
8911
8523
1843
333
7163
6995
9901
3317
9247
3501
9299
1743
869
7411
9791
9339
2181
8349
1451
3267
8121
9783
6139
7767
7101
9779
8101
3689
4101
9251
5379
5729
2879
3061
451
4881
8513
9321
5943
1329
2125
7021
5673
91
2635
9181
9519
7883
5725
2041
7809
201
7399
7757
3703
3997
3623
8689
7831
3625
591
2367
4031
7253
1227
7179
4903
1533
3565
8715
9039
3451
6323
8673
8677
1667
7319
6797
5579
5521
2823
6807
7355
8021
1211
9599
6961
6329
1893
5449
4889
35
4441
9139
3373
5419
917
6717
3647
9315
4903
6003
9163
6843
3489
9623
2221
9127
8369
9935
3917
837
3281
701
4235
807
8941
7051
7541
625
6573
8777
3171
9351
6527
8867
6703
3319
1877
2939
8815
891
4887
3773
5215
6977
497
2101
2875
8537
3637
5447
3787
7007
9381
3513
7803
4653
2765
4921
6235
1623
4317
5405
825
877
8753
9093
1453
4951
9621
7151
829
9131
4005
1689
507
4557
5991
2931
1617
4529
7501
3855
9653
8823
2833
7945
7041
6621
1849
6541
3513
2525
9879
7837
1961
3047
7199
9383
2515
3587
6613
7227
1397
5801
2087
7437
4631
385
1275
1101
9545
3295
6103
7237
1213
5119
1097
8821
6043
5123
9317
3267
5955
7583
8897
1325
8455
7927
4449
2873
7077
9703
8079
2825
7715
6741
6515
4531
9185
9599
6503
9641
3907
9797
6813
7831
5543
3763
1937
4469
5785
3175
4053
3093
2735
3929
7049
2965
6525
8373
3179
4865
417
3133
4169
2059
6913
3381
2597
2597
3101
8099
5927
6829
2987
531
173
163
5815
7055
1915
2975
1627
4979
2787
7893
365
9391
6679
2253
87
8117
5367
3633
4455
5389
1131
1221
2651
1783
3647
8685
4529
3451
693
4931
7621
1701
4641
9811
1287
7327
4393
7527
5829
3351
3877
8525
1615
767
4443
699
7399
9031
5235
6439
3459
9285
9611
2579
5463
1395
9015
6399
8481
29
6957
359
6345
583
2635
7723
4347
4065
3701
4099
2129
8429
9499
5229
3845
2333
7821
983
6011
4509
753
3031
3927
3213
9525
1341
287
3129
6637
6159
2857
5385
9667
8215
343
595
2403
1449
9291
9269
783
6633
7759
8455
4121
6561
9
8215
8695
9195
7827
8265
4427
9623
8271
7373
3075
2345
9473
1825
5409
5619
5581
555
2607
3691
7123
7485
8781
2985
815
1381
4571
4327
4467
3427
953
8341
425
8887
7003
3995
1537
5593
183
4415
7043
1837
1901
9105
5095
8975
3267
5695
5579
8657
8591
1215
2315
649
2447
4155
329
1409
6509
5731
5731
9217
4677
6119
5883
4757
1431
8717
9615
9605
1057
1861
4287
1713
3757
1043
7113
1721
4273
4291
9745
7063
79
1433
7915
5433
1045
5737
2857
4819
2873
7425
6905
6977
7503
9351
3087
9703
9315
2407
1931
3501
4871
4655
7295
2933
9649
5201
2339
8163
3797
6377
7165
8767
8667
7043
8935
775
4533
835
1395
4679
8771
347
9083
8583
5293
29
2249
3777
1247
5163
2027
7845
1331
8807
6183
2203
7311
3573
4831
3861
9357
821
7375
3241
2235
7973
8797
383
9245
983
1667
187
19
7327
1661
1475
7969
5185
915
3465
591
1133
2905
8747
399
5733
3021
7997
4395
8325
4913
8435
3747
1165
8875
535
9803
5135
759
5119
3971
4393
2289
147
4095
9539
7757
7801
7109
7427
4413
3561
3123
7295
4811
7377
5925
7819
5151
1425
4119
2787
4239
4195
5725
1645
8491
8005
4173
7059
4945
2861
2019
8305
8371
1677
3681
6287
451
6319
3231
1617
9425
3813
9781
187
6207
3713
5619
2519
8195
655
6133
5493
1399
4753
1429
8203
8747
9533
605
7323
9367
777
345
973
2149
9087
8273
8369
9145
2423
6619
119
8717
8895
365
3071
2755
1343
6761
9921
3287
4393
9329
8271
5663
8021
4887
6721
265
6871
2885
4649
6641
4631
4641
8503
8985
8111
255
1875
8289
3135
8945
6969
3119
6011
6987
7455
4553
6687
5427
3087
7383
4771
6519
5727
6915
7765
2637
6909
9837
2965
6367
1335
6613
1659
865
5877
8399
9409
3045
2451
9585
9101
4919
1609
7581
573
5305
8115
2385
9071
9975
3837
5733
9497
6741
5997
567
757
6093
1759
7407
5115
4769
6077
6295
217
1067
2645
9549
701
3929
4183
8111
5227
5463
9697
5389
5427
5209
679
3771
8837
1591
2757
7057
7353
15
4323
1193
963
2017
2121
2417
5251
2041
3287
3141
3333
4733
829
1893
8003
3547
7831
7121
4069
7545
961
7775
2713
8839
4681
6147
9727
1117
6649
6265
3919
7
1107
5283
1191
8269
195
7905
9709
9073
9127
6933
8231
9301
1255
6999
7307
9031
1629
9231
2319
7231
9653
233
2299
8599
7389
5023
6991
7911
9745
7195
9689
2421
6547
7047
3563
5025
2223
3287
1595
2409
949
7673
3623
7799
6861
3961
5083
3763
3957
4257
1017
4495
2391
5807
3783
2757
4577
6553
8079
6943
7283
6003
7851
8045
9049
6061
3315
5123
317
2743
6063
1147
2731
8263
7327
5903
3199
7317
8361
4345
7995
6671
3847
3235
997
6091
9555
2715
8709
4063
1871
9943
6791
5031
7959
8759
3355
8799
783
9997
2853
33
7257
8611
2549
9957
5187
7571
5827
6811
7305
3007
7903
9329
6657
2527
1667
6391
6915
4219
8533
4141
2967
1675
5661
5983
6723
7541
7831
8119
5417
6961
9301
3667
4055
5833
5139
8627
2645
309
8945
597
965
5443
3649
2013
9979
5473
2151
6461
1785
7571
1077
1409
4619
9949
4235
3215
4981
2911
7139
2885
5637
3321
9277
7051
2313
1813
4483
7407
487
9987
2877
6057
1551
3183
8989
9677
7301
2261
4351
1445
205
3331
5927
7587
7015
5249
2277
4707
1837
5227
7903
4449
4971
7945
3061
5493
2319
8059
3717
9775
1411
6059
4571
2343
1053
7139
3021
3973
6017
761
7317
6439
2245
4507
5859
7031
7637
6791
1411
4341
293
5369
9763
2399
735
1095
8617
6491
6065
6791
6941
2119
7089
703
4541
5047
2665
1191
3653
6291
7187
9423
1687
5113
3291
1691
1715
1023
2105
2421
4251
7011
7597
9211
6165
4553
9339
9011
4741
6943
921
8479
3879
5981
9205
5325
1211
8147
4129
2115
7677
9951
8555
1807
7233
9671
7629
5423
4233
3831
5403
4535
3205
9677
5009
9399
8731
7325
1519
159
2503
1207
6299
2923
7675
3761
3349
3759
1617
1561
5599
8211
9
9979
9385
7701
6825
3057
5087
3651
5911
6333
6073
791
3765
6215
8675
9959
2279
413
2997
1461
1565
6357
4105
8453
397
5669
957
3529
3273
4609
3939
1165
6287
7433
4879
5507
7645
5577
6195
9737
6465
2069
1053
3295
4491
7173
3707
3227
2913
2159
3553
5011
6221
2113
683
51
5101
2213
7765
9641
4183
4671
2697
9149
2623
4247
8769
9527
797
2069
4119
239
4693
5421
8187
9067
1393
3771
1589
705
7593
9069
4889
9307
1469
4357
4951
3065
569
6163
5225
1125
9347
8277
2153
9981
2817
3265
8807
1225
9675
6053
5071
9243
9447
711
8689
4981
7179
9843
8139
3355
3053
3969
5477
2345
7331
2545
8579
1433
2095
9015
3373
5735
483
7243
4779
8149
293
3115
7473
5529
803
9291
8771
9235
7969
623
861
99
4379
457
5551
3363
3311
1819
8711
4615
917
7393
4761
1629
9343
8051
2859
1615
7671
6439
5547
7243
1653
17
6363
3879
7311
6451
7301
1857
9681
4931
4377
997
5067
5281
737
379
3489
8837
3091
8385
5317
7661
1579
5665
9491
7995
1389
6825
5963
6473
8215
5775
2541
411
4411
2923
5517
8039
739
8855
6631
8357
9705
5683
5207
3303
831
5627
6719
8205
2055
8607
4133
5809
8905
7355
9865
2169
2907
747
317
4749
8313
8451
4059
211
5699
4223
1353
7157
3197
6851
611
4459
9791
1933
717
9993
4573
5837
6271
3811
8997
457
5957
3593
9865
7611
1341
2181
7439
7139
1295
6635
9227
7005
4387
5551
5773
1593
4683
9031
7119
7851
7939
2115
4107
4497
7869
183
9437
6039
8273
6143
6331
5075
6019
6527
2601
8881
8727
1299
9889
1233
2985
9667
855
2611
3699
6573
4599
1919
2021
4231
9063
3085
9843
7675
1725
2521
8769
8369
577
6091
2269
6607
2153
9169
2257
8283
8273
83
6339
8745
5847
959
8287
3921
8213
1913
5571
5501
2595
7029
95
9437
6401
3615
9715
9357
187
8393
7673
4511
7301
6999
4281
1161
6297
4825
8061
1585
9411
9695
6077
7715
4741
4947
7207
5769
3835
2901
1559
7189
5827
2647
4451
3501
885
9325
3791
5739
8151
1331
1019
3899
1785
5181
8053
3461
6569
2699
7911
3657
1071
3255
6375
709
1893
2059
347
69
8187
953
4295
6899
3191
9285
2289
2145
6407
6663
1475
6177
8191
7829
9441
7443
8941
65
2649
1281
3237
5115
3839
8915
3013
5339
1731
9269
1173
2393
9543
481
8095
6247
2023
8363
9071
1867
3169
9625
5553
3103
7169
879
2075
7781
6889
4831
5201
8847
807
8345
7903
5285
6693
3515
9715
3207
6055
9141
1705
5777
6721
1847
3767
8955
4385
8707
8093
5905
6377
7375
6363
1357
4727
8557
3693
2559
5693
5865
7295
9737
1997
1327
8897
9363
8723
5937
6063
5431
8057
7023
5389
829
1791
2403
5415
9549
5785
4083
5585
4481
6851
525
3257
7411
7375
4177
9093
4221
279
831
9427
2131
7961
7567
1321
5869
6993
6305
5789
7259
7823
4091
817
7431
9217
9119
2619
2435
9031
2395
5055
995
6279
1353
3519
2957
1699
5127
9715
8809
1741
4747
913
7273
7057
6379
6845
4775
2159
551
7921
9617
5323
75
543
649
5075
1177
3689
2153
3685
9661
3685
6839
7457
9041
6821
3047
1969
6667
3337
137
995
2695
3303
9433
9717
2537
1457
743
9063
8087
7479
6567
9293
9791
8907
2389
9635
3053
6821
5305
3075
5781
1997
2781
8277
9629
1669
2943
3773
975
9027
581
9401
8375
455
5283
7773
225
7363
6147
6375
1587
211
8155
5617
6437
5997
85
9197
2275
6575
2945
4177
7895
9733
4751
757
4667
1159
6351
6465
7673
5423
331
9713
6153
9045
6393
1709
6959
6317
9831
825
1137
6977
2087
8411
857
3939
7827
7379
735
533
8991
3297
8285
49
4907
875
7293
7787
8299
6877
3941
4843
6681
701
2257
7531
5477
4195
35
8133
9985
5793
9033
8113
4563
3439
9469
8103
2297
4723
6589
85
9533
8471
7699
3541
4131
6253
8773
7255
5301
5653
6111
3339
8411
7121
2727
9429
7049
1951
4919
3309
841
7325
7279
3247
4789
4275
937
421
7513
3905
7181
2767
5699
7595
7611
7959
5993
5683
3493
4159
2133
747
9459
1903
3535
8037
6533
8897
603
4699
6075
7345
7767
6333
3619
6455
9117
9049
7549
839
6531
791
5247
3883
4059
6313
3091
3419
9401
9549
2781
8073
2735
9359
9307
1837
7453
2147
959
7397
7513
8789
4989
3463
6637
2319
4309
221
3161
9053
9617
4635
9837
1699
9285
367
1893
8997
4085
8525
5757
1699
103
6853
4473
3091
2105
5447
2487
7477
9743
7229
2481
6139
2047
7053
2965
8533
9753
8287
9141
8441
6409
2229
9039
6515
1509
7503
4863
6451
5451
6157
7843
8297
2375
6887
5735
5779
7849
5519
7771
8785
7703
2393
6931
3373
7589
6183
6675
167
187
6099
5499
5155
5735
1707
7027
7467
4315
9815
5217
3145
555
2347
8875
5483
8419
2717
5
7395
5449
3365
3137
1677
51
3785
937
2353
8853
7175
6211
1755
3859
5445
9279
9819
3003
8629
8533
9917
9177
4799
9575
33
1065
3741
1703
4713
9857
9977
5203
3571
2915
7893
7659
6731
5363
3271
8897
6641
8599
1951
6217
5475
6345
3747
4243
9299
9495
6957
3377
219
4013
8235
8447
2281
4849
2519
1167
3555
9043
9559
7113
7307
1447
1477
3869
7777
5469
5801
3285
3149
7773
6245
9759
1437
3893
8905
3375
3197
1777
4839
9675
4637
7023
5929
7091
1997
9157
6835
2723
1017
767
6453
671
8399
9723
3243
8629
1855
4667
9433
6499
4825
3489
7673
4019
2243
2029
173
3491
9055
7829
2675
317
741
7479
8235
6661
6515
7319
9367
351
7639
647
5323
2205
1095
6743
4229
8785
545
2135
6791
9857
4917
4387
2255
6515
2365
7895
5967
5161
6331
3757
1931
8205
6023
3441
8681
6821
5051
3143
8239
2067
8143
8197
8681
9989
4411
4575
1057
5289
7103
4221
4729
7797
4355
2827
2665
6639
1537
2953
3917
7199
6673
8309
1961
5689
939
5429
9323
1917
3783
249
2797
3429
1769
2021
4597
4083
3199
2097
6317
1755
5651
2467
2485
4993
7781
4173
7009
9147
5759
8333
4551
2179
1445
1771
2035
7639
4185
2099
513
9213
2789
6435
585
3839
2141
1687
539
1139
8391
4205
7691
5729
4037
8147
7247
6963
469
8811
1065
2801
4907
6829
3595
5303
1419
9581
6685
1697
11
2539
95
7825
5605
3381
9913
9599
1715
6975
3643
517
2061
1869
1503
4639
6577
7271
4233
5333
9987
4707
3941
8473
4271
8373
5377
7723
8069
39
6367
4223
4969
3113
8755
5901
6655
979
8523
3255
7435
5405
6775
7163
2973
7733
4045
1755
2657
3335
3159
6231
4255
3485
3859
159
2541
365
4875
5171
6531
2887
2641
3431
9585
2283
867
7603
1665
4183
9885
9215
1041
7505
8245
105
2383
3207
8963
8715
3307
7271
3455
1855
6339
8141
2941
735
179
2273
2363
3043
5513
4877
5617
2987
7387
7487
2195
1667
1057
3857
2221
8149
283
9045
8751
1203
1303
2771
7113
9577
427
6613
9631
7059
2071
7365
5627
8215
9591
9231
9793
9879
4013
3895
4903
4917
1705
9201
9825
5299
4217
1383
6601
7605
9275
4151
6649
6417
7511
1915
5311
4861
2501
5685
791
5663
8517
1977
2625
551
777
8163
4697
8481
8451
4823
9747
9729
7681
283
5025
5287
3039
699
8447
4645
2945
3197
307
3779
3613
7147
4225
1721
1621
7711
7179
4829
1429
8883
3771
9631
2429
3825
6555
4867
1069
889
8031
8781
5857
9755
6491
6319
3167
2827
1973
5585
5463
2527
2015
2597
2857
8289
6707
4589
7291
3805
1419
5029
1631
4951
5267
5683
7985
6153
5191
6069
4813
4039
8745
6547
5971
9121
5909
2933
6881
2237
7495
3327
5797
8847
7881
8441
4661
5835
6321
9217
2121
1285
6423
5363
3111
3565
9717
6593
2517
8969
2481
111
7749
461
6699
645
9397
8065
3653
7901
9999
6649
7537
2929
3917
7535
4625
8737
2873
6023
1115
6397
5511
7941
1619
5913
1863
2425
4071
8929
8497
7767
2041
1323
7617
2341
2559
9825
4003
7359
6685
8337
7373
3919
1565
9277
6751
4907
2673
7
7377
6799
2635
4085
799
1163
6413
2821
3533
8559
7623
1423
8931
975
5851
9813
8591
2421
1911
5789
1299
6539
4785
4989
7731
2907
6557
979
9529
3331
1107
1091
4303
845
1811
3431
5441
6721
7871
7605
8403
7895
8067
3929
3647
6613
6183
5031
8463
8035
6089
5219
9095
7569
7979
1603
763
9077
4207
9461
6659
235
8057
3753
5337
7381
3871
1909
9965
665
163
4371
2923
2241
4543
6445
6553
8677
9363
7695
7447
8571
6081
2089
7553
8231
453
9691
5339
395
9459
8119
3133
5561
7471
8499
6579
2355
7175
6765
9369
4095
9819
279
4295
7541
8849
1507
1141
2711
133
951
8381
4335
5173
8349
803
2081
5789
8561
2103
8013
4803
7431
3409
889
5231
6301
1723
4839
6923
5789
9639
3305
8077
4855
3347
1593
8339
4139
8063
511
7239
7173
5699
7359
6933
1903
9125
1983
7101
9263
4011
6353
9247
7707
8293
8989
1069
1455
6091
739
6207
7455
1475
2873
8261
5715
1163
4423
6209
4573
1847
2559
8823
7199
4837
7103
3879
2125
2637
525
5949
5031
2161
5337
5821
2077
1417
5351
9237
515
3323
8503
8347
4851
9497
8073
6547
3941
4005
3171
1885
5317
8129
6911
9329
3551
7479
7195
1843
1949
3599
4191
219
2043
3471
1793
9867
5953
3469
3279
6299
2787
5669
6663
8269
2637
6077
6311
7373
8043
8273
5471
1919
505
7479
9343
4155
9325
7823
1663
293
3203
3011
7315
3783
1441
3633
6179
3189
5183
4687
7577
199
6759
2353
6403
8629
2257
3229
53
7721
5863
7475
9623
7717
4663
1977
3191
1239
8055
927
4189
5345
8223
5743
6669
4655
1003
4181
2127
2937
4585
6707
9859
7089
1399
483
5543
8183
361
1173
4541
4151
3879
8071
3733
3937
2905
9295
2763
1967
2205
8707
593
5847
203
5349
9411
8525
9231
569
8667
4395
609
9239
803
4829
7581
9455
1803
9899
6213
8059
1097
5297
9951
3933
161
1765
9373
7739
9345
6601
6651
6875
2751
6007
7321
4833
8101
9221
3077
4685
6693
2857
1309
3393
5383
6839
9067
3907
5691
8315
55
5993
1215
9541
6387
7175
4883
4181
4049
3773
1251
2917
7355
2379
6369
8103
167
1523
6249
9573
1171
2945
325
6921
6931
7543
8469
9141
637
7393
7767
3851
979
7811
9767
2395
4943
63
8551
5773
9719
1657
8789
763
3471
7911
9487
9503
6405
8283
7155
6799
4277
1801
4341
4957
7745
4413
7921
8601
6859
3429
8681
4529
1067
3015
2327
8493
5883
6697
7619
6541
4985
7931
9235
5301
2475
5595
3551
9809
9357
2305
6229
2209
6235
5615
8861
2695
7383
7723
7603
4717
8607
9681
2969
7791
6503
4489
2555
2617
5023
2357
5361
987
8917
4309
1295
7589
8631
5277
4305
6021
6299
7729
1451
1791
1815
5825
6993
7593
7265
7969
9225
1875
5045
2749
7871
5529
4045
5519
7729
1983
5961
7735
9009
8713
8893
9577
9445
417
8517
8633
5091
6285
6639
173
1525
4533
3081
1007
3105
3919
2721
1041
3235
6725
1789
471
7389
4329
1723
3699
7525
5327
8285
6089
5045
7649
3771
9647
813
3129
4229
2911
3921
8757
323
3707
5873
1203
8649
1505
8873
4109
817
2679
9331
4113
5519
5489
7155
271
1443
2955
6279
4895
2203
451
3259
5443
2955
247
4379
8857
5679
9773
8263
7625
6367
1061
6333
4189
4987
619
6675
449
8695
1409
9869
4553
179
2411
2371
6851
2309
8805
4965
8513
2509
2573
4657
8065
6807
4619
459
8163
8563
9759
4491
4857
5865
4007
703
355
7163
983
4971
9919
5525
1773
4631
9889
4513
4623
6327
2305
9417
9345
3159
4727
9421
4601
1413
7127
1371
1305
4315
1969
7633
8569
1269
7029
6899
3831
4555
977
819
7613
5965
3959
7895
5849
9053
483
5217
8123
8183
6713
9839
8263
1341
1987
603
3793
5073
9523
1255
7901
7253
2367
1595
6683
6097
9573
1705
8869
2829
5287
3751
9167
7815
5047
9497
8235
9843
3307
6481
3311
9767
6677
3027
2441
603
4995
8631
6975
161
1463
2035
83
2917
6247
2443
2249
645
2907
8611
9077
5371
6887
8259
6081
3535
751
767
7475
2303
3059
8153
9305
1083
1331
1579
917
1151
1231
5143
8259
5167
3753
9209
2869
6031
9961
5555
9099
5107
3567
9931
9853
5769
197
1485
5911
2087
381
4341
1073
7225
277
7811
2541
9489
8293
2219
2239
135
5375
5693
3235
5331
6087
4507
2965
4629
6817
6057
6013
9271
5893
4387
7147
2129
6671
5769
1229
9887
41
9499
5289
8249
5751
4183
9661
9671
93
3321
4761
3419
4295
4307
1979
5847
2047
3205
8601
2353
5947
1921
539
2427
2221
8049
9325
8109
1065
4825
1453
5795
5201
6649
4119
6871
263
9633
2751
9127
4157
6925
2649
6237
8057
4567
9153
5985
1363
9615
3337
1853
1335
4399
8897
9255
2269
2619
1733
1733
8485
9823
4825
7171
1781
2081
3423
9755
2287
8815
491
2213
5527
9135
9975
6093
6209
5179
3879
9665
1483
5537
7321
5005
323
9471
4203
4203
1013
8277
8153
6313
7057
2625
4407
3749
9495
651
2409
4885
199
2315
3791
7809
2237
5015
2947
5225
9879
411
2585
1717
7219
3129
4007
5407
6961
3453
827
3993
2677
9321
737
2271
2535
5971
9031
5361
1873
5697
9973
8507
7967
3421
4051
3469
4677
7379
201
1715
1421
5249
4955
4981
879
885
1737
9813
6355
6929
9987
1751
2459
629
3461
6067
1017
9753
1961
4929
8109
679
1653
6257
4281
2797
9981
1651
9225
2751
8217
2517
5669
1559
3801
7549
2181
8743
7765
3063
3093
6639
8179
887
6177
4827
2287
3175
5773
8127
9047
4807
7821
6713
2409
6259
1631
5577
4227
9309
1475
3739
4471
9105
3653
7457
2137
2897
6863
2407
4469
1101
4321
7117
6177
5503
3531
2421
5383
5243
8689
4301
6013
6811
1153
6959
7529
7913
6551
7689
9417
5043
7675
8167
455
3041
3877
5245
3919
5101
7553
7527
8959
7023
4261
8835
271
9693
2029
8059
893
8879
9719
6397
3955
3467
9247
9169
6507
6329
5921
6741
9417
6935
2909
6297
7665
4343
7753
6713
6043
6873
5595
5649
509
241
6559
8299
3363
9287
727
2903
8095
2709
4077
143
5151
7649
4777
8125
7159
5617
5287
4109
5289
5999
5009
7231
4893
5877
3657
3263
791
9363
4325
5811
1253
8707
4225
5469
5625
7063
559
2911
7875
1053
1291
7873
8051
5719
633
6307
5823
3491
263
7447
7917
6889
9557
1535
1091
5841
185
7031
8357
7309
8343
3273
1717
8279
289
1163
4259
2555
7643
1537
3525
3535
1617
5317
6787
2987
9319
2859
3989
15
1159
3321
893
2253
8221
6757
5421
5627
4907
8353
4163
7197
51
9981
4687
111
2733
8879
6801
4691
5371
3433
5833
6601
405
9383
1115
2535
6865
721
6325
7969
5721
7249
181
9867
4569
9013
4575
2701
1159
9277
9391
4659
2443
2581
2245
7809
8963
5571
379
1561
3051
9375
8249
317
7999
613
3827
5857
8691
9309
4005
1257
4235
6951
5073
7725
1871
1183
7767
4411
8475
2751
8271
6477
3551
15
2565
6719
6143
5231
3895
4143
8505
7185
4499
2321
549
2659
8759
7121
2355
7429
4461
2413
5355
4999
6179
9365
4803
399
9083
4247
4387
471
6147
4567
7193
6607
6719
891
6545
9165
3423
5113
9023
5695
6159
7525
9095
5999
3441
2907
6623
6199
1353
4857
1933
3587
3323
5107
7511
6903
8893
9727
357
365
8743
5687
1319
4707
6837
7153
6723
2485
4863
6647
7353
5537
6637
3439
8745
3473
5021
347
8033
6179
6557
8635
3925
1427
4307
1513
6475
4589
3117
9711
3697
3597
2109
853
7937
2867
5075
3183
1479
8333
7231
4965
2747
21
877
6077
1187
3319
3159
8173
8769
1843
4737
1951
953
7159
1305
7409
2883
6387
493
167
4371
9157
5299
1925
391
7789
6027
8501
2697
7347
8081
7795
4771
7877
8335
791
4037
7899
6575
1975
6301
4093
1051
4561
3519
3371
3009
3415
1827
8235
7581
2723
2517
4343
2381
1233
2343
3251
9755
7509
5045
7199
4641
2081
9841
9735
4379
8051
4581
543
3195
567
7241
3501
9565
2239
2699
5219
3299
6573
8465
7107
8433
483
2167
5035
809
5171
4369
1479
3871
5605
9203
3305
6141
8893
991
6595
7963
4651
4135
6529
3133
9519
2623
8439
6919
3529
4543
2515
3369
6611
2191
2707
7481
6551
9521
4063
4643
8983
5987
9863
2491
9207
7841
9445
1605
9763
5565
8325
2823
9065
9013
5423
7791
9033
2971
2269
7571
5173
975
2679
5629
5327
5885
9845
9327
5895
1403
6147
3811
605
7827
8501
4381
2651
7877
343
5577
9017
5983
8715
7921
9031
3425
2671
1871
9651
2605
695
3365
595
4369
925
7339
5241
4179
8663
6533
8839
3935
35
2575
561
4065
8723
197
8243
6503
2221
5113
3655
1605
4359
5433
5859
3523
2861
5951
9349
2279
4699
1403
7829
6489
3789
8309
1975
9129
3717
8041
7329
1481
6895
6587
7693
3069
9341
2403
7573
8251
3451
8549
1825
7145
1899
9217
6655
9219
559
3031
5001
4277
5491
4319
7643
531
3849
4049
8179
527
3849
3071
8743
669
5163
1429
6187
1281
8063
5733
1797
8127
7721
2729
2867
5145
8443
5707
2407
2249
8499
5661
3481
7683
2967
4971
9825
5739
2315
9311
3459
5291
6831
3169
3133
9669
7179
8897
7575
1273
3527
7111
5195
9253
2467
325
4821
4989
6045
3219
4567
5219
4315
1557
2921
6499
5221
643
4317
1629
7813
2199
3497
3601
4777
4111
4393
5755
8735
4641
371
9103
5283
1329
7451
2171
9441
3407
5135
291
1333
7487
6827
6389
4243
7293
373
4055
1487
3253
6015
2417
8651
5031
6771
5097
1469
2027
9159
1301
7017
9739
2509
8163
3155
9191
7301
1103
7309
7187
6515
5583
1803
5733
5543
7599
5809
8511
8495
587
3485
9145
6833
5747
2679
959
4287
9235
1409
1463
5107
8995
3359
6303
7341
3647
1203
1243
6879
2143
5875
9445
7807
9577
2229
9559
5879
1593
1593
4855
4663
7325
7613
4853
1821
7841
4795
8623
2811
6233
673
2735
4445
9685
4465
8791
947
353
6301
3701
875
651
8537
8673
533
8545
7091
8993
2409
2193
921
649
3571
1445
2365
5709
3099
8443
8311
3411
1597
3639
3565
255
9003
8675
609
9075
3333
5501
3701
2623
8347
3161
6739
217
8951
4001
2689
7847
435
93
7317
3139
769
6649
6099
7623
7005
8629
8613
9001
8859
6911
2927
7325
5037
8631
6631
1839
4841
6411
3519
3997
647
6359
7131
9333
6505
3163
2845
1391
3125
977
4155
7273
3135
2427
239
2515
2923
6477
1357
1995
8425
6899
8719
763
3323
9025
2273
2169
273
9429
1515
4729
1347
3397
8547
969
7199
251
2461
5977
1021
4385
5651
1841
1943
5613
5733
3727
1005
8823
5855
3469
2385
609
2649
5221
9563
8769
2843
5431
2503
8379
6641
9589
2033
7201
5027
4033
6287
793
1963
8459
9459
4279
4137
85
8905
4143
783
1447
8799
3969
1889
1847
3901
219
9451
8799
5189
6011
7543
2661
5667
4495
673
961
6709
1563
7297
6649
1789
6459
5799
8759
3783
6327
3017
4927
9689
1957
295
6007
4833
1503
689
5145
9347
2201
8655
675
6693
6045
1539
5579
6459
8991
8269
1827
5155
6091
503
4429
3259
2331
991
497
9079
4209
1867
6357
8397
335
9811
7505
5693
1457
1245
7841
7393
8161
4679
91
3117
6973
631
4739
8213
7645
3727
8159
7709
2421
1671
6871
3917
3885
125
2749
807
3343
3419
7465
9751
3999
9781
6945
5389
8671
1415
9491
4745
1833
7291
8025
3129
1097
4123
6849
4695
2485
9277
541
3125
3143
2833
7859
6089
3441
5413
4171
695
2847
6393
7295
3853
6263
945
1841
563
2753
4453
207
6069
1599
6711
7687
4575
5821
8831
7969
1167
3049
7661
7261
5475
7669
9771
413
2433
5385
6355
4261
203
4055
4459
4759
17
3881
2045
9527
2525
3545
7151
7605
3761
3003
2073
7587
213
9197
6091
4527
3319
8527
8161
6765
1783
779
6689
397
4235
8583
2883
8903
119
467
1971
5479
5215
1789
935
685
9455
8347
3553
2467
6097
7
1853
9201
6121
1483
8247
109
7971
1595
8617
3697
7747
6525
1965
2863
7651
3795
2485
8893
7677
4003
5955
8291
1871
3437
4043
3303
1773
2001
8795
4785
7803
9943
9961
7549
8349
3247
33
1173
523
1123
597
4253
7453
4069
6095
4503
385
319
1475
7915
6563
6939
5603
7541
6017
1939
8605
3489
3477
1323
7795
7259
795
8013
7563
8375
3705
1379
5111
1421
2171
8015
3703
5903
7423
8269
8507
2701
4945
1025
8513
799
2835
2825
6929
3941
5617
4391
2477
1113
9081
6145
1635
909
9079
3437
9267
5657
7799
2237
